[(40, 88),
 (81, 65),
 (22, 62),
 (44, 42),
 (26, 67),
 (58, 100),
 (83, 32),
 (31, 18),
 (48, 19),
 (18, 12),
 (86, 53),
 (35, 21),
 (12, 34),
 (68, 34),
 (79, 18),
 (69, 30),
 (65, 88),
 (81, 39),
 (59, 57),
 (59, 89),
 (49, 90),
 (25, 97),
 (38, 43),
 (44, 81),
 (71, 57),
 (50, 18),
 (76, 73),
 (59, 71),
 (90, 37),
 (70, 55),
 (52, 84),
 (81, 96),
 (83, 65),
 (20, 33),
 (17, 76),
 (15, 69),
 (11, 87),
 (43, 77),
 (61, 99),
 (23, 19),
 (31, 81),
 (80, 81),
 (42, 78),
 (22, 26),
 (67, 77),
 (26, 50),
 (42, 10),
 (59, 95),
 (48, 45),
 (95, 51),
 (23, 24),
 (54, 21),
 (96, 100),
 (96, 68),
 (49, 20),
 (87, 50),
 (37, 41),
 (74, 24),
 (31, 53),
 (27, 91),
 (71, 75),
 (20, 60),
 (18, 81),
 (91, 41),
 (20, 70),
 (18, 95),
 (22, 54),
 (14, 96),
 (74, 59),
 (71, 97),
 (28, 54),
 (30, 47),
 (21, 97),
 (30, 93),
 (66, 58),
 (88, 90),
 (95, 28),
 (88, 21),
 (18, 25),
 (28, 28),
 (87, 95),
 (53, 66),
 (73, 28),
 (84, 77),
 (75, 50),
 (14, 95),
 (21, 33),
 (47, 30),
 (77, 98),
 (75, 92),
 (44, 65),
 (64, 37),
 (17, 39),
 (46, 33),
 (41, 27),
 (16, 51),
 (33, 69),
 (89, 14),
 (64, 66),
 (96, 73),
 (14, 20),
 (59, 82),
 (90, 61),
 (84, 83),
 (99, 52),
 (95, 15),
 (98, 10),
 (62, 42),
 (91, 69),
 (25, 15),
 (18, 52),
 (57, 23),
 (21, 45),
 (49, 39),
 (80, 48),
 (48, 42),
 (59, 55),
 (56, 15),
 (33, 78),
 (88, 75),
 (69, 54),
 (16, 89),
 (95, 83),
 (22, 58),
 (27, 94),
 (22, 96),
 (30, 39),
 (20, 71),
 (32, 50),
 (12, 84),
 (66, 42),
 (53, 84),
 (25, 14),
 (63, 38),
 (90, 44),
 (37, 92),
 (11, 73),
 (37, 62),
 (80, 37),
 (90, 61),
 (27, 52),
 (47, 99),
 (61, 62),
 (92, 75),
 (80, 36),
 (69, 17),
 (30, 37),
 (87, 46),
 (36, 49),
 (49, 93),
 (99, 73),
 (63, 42),
 (46, 75),
 (73, 97),
 (38, 25),
 (85, 93),
 (28, 75),
 (52, 86),
 (96, 100),
 (71, 51),
 (39, 34),
 (25, 62),
 (26, 48),
 (89, 21),
 (84, 62),
 (62, 71),
 (77, 79),
 (26, 63),
 (98, 90),
 (34, 38),
 (95, 89),
 (38, 65),
 (57, 85),
 (74, 10),
 (60, 37),
 (74, 94),
 (39, 39),
 (88, 34),
 (86, 80),
 (73, 57),
 (55, 24),
 (20, 43),
 (29, 26),
 (87, 16),
 (64, 61),
 (74, 70),
 (37, 55),
 (93, 31),
 (93, 78),
 (44, 88),
 (68, 38),
 (64, 14),
 (84, 64),
 (54, 61),
 (81, 94),
 (55, 76),
 (64, 37),
 (35, 98),
 (35, 79),
 (57, 47)]