[(52, 79),
 (16, 27),
 (20, 45),
 (78, 12),
 (70, 55),
 (26, 28),
 (56, 39),
 (18, 12),
 (70, 92),
 (29, 76),
 (79, 84),
 (17, 89),
 (93, 85),
 (81, 22),
 (74, 35),
 (34, 18),
 (65, 70),
 (36, 37),
 (68, 74),
 (11, 95),
 (20, 48),
 (25, 96),
 (100, 49),
 (11, 67),
 (19, 58),
 (89, 66),
 (94, 79),
 (74, 61),
 (63, 20),
 (92, 62),
 (91, 74),
 (27, 81),
 (96, 41),
 (22, 87),
 (79, 39),
 (15, 26),
 (57, 52),
 (71, 33),
 (38, 91),
 (10, 14),
 (40, 58),
 (30, 62),
 (17, 42),
 (48, 90),
 (71, 99),
 (15, 96),
 (99, 32),
 (70, 87),
 (52, 45),
 (46, 65),
 (38, 51),
 (36, 76),
 (61, 40),
 (22, 80),
 (88, 32),
 (25, 54),
 (63, 47),
 (36, 58),
 (93, 36),
 (90, 29),
 (34, 26),
 (92, 66),
 (70, 65),
 (23, 17),
 (90, 31),
 (10, 98),
 (25, 87),
 (78, 44),
 (95, 34),
 (67, 11),
 (67, 33),
 (49, 54),
 (22, 19),
 (85, 93),
 (25, 75),
 (24, 15),
 (55, 28),
 (76, 62),
 (71, 15),
 (61, 90),
 (93, 78),
 (96, 89),
 (56, 35),
 (44, 77),
 (22, 45),
 (90, 76),
 (14, 20),
 (70, 98),
 (62, 23),
 (52, 53),
 (60, 70),
 (26, 78),
 (70, 54),
 (70, 54),
 (63, 96),
 (36, 26),
 (57, 25),
 (99, 70),
 (88, 25),
 (62, 90)]