# Comments can start with "#"
# 100 rectangles (width, height)
72 90
11 42
66 90
95 42
77 64
52 32
87 79
44 99
100 31
79 45
99 99
59 97
20 84
66 72
71 24
97 28
89 52
20 69
27 13
34 98
74 93
37 71
80 45
95 72
61 91
36 100
20 10
45 64
81 14
41 67
27 13
10 46
97 52
25 59
34 46
37 90
30 22
94 92
98 20
26 33
25 13
62 79
34 89
16 82
21 14
25 20
74 79
30 86
72 21
97 84
63 32
37 96
42 11
10 71
59 26
61 30
78 76
94 55
56 18
59 93
62 62
48 36
60 86
79 97
94 19
52 90
55 79
46 51
87 24
94 32
13 74
88 98
69 42
36 58
50 35
35 71
47 89
68 90
61 35
46 39
55 91
49 27
11 71
12 70
64 82
30 71
45 90
28 60
97 59
48 91
91 89
89 78
69 85
98 93
12 98
70 74
26 79
44 15
21 43
45 99