# (ID, width, height, (x1, y1), (x2, y2), rotated)
(0, 90, 72, (437, 0), (527, 72), True)
(1, 42, 11, (409, 456), (451, 467), True)
(2, 90, 66, (527, 0), (617, 66), True)
(3, 95, 42, (0, 355), (95, 397), False)
(4, 64, 77, (596, 213), (660, 290), True)
(5, 52, 32, (547, 442), (599, 474), False)
(6, 79, 87, (358, 0), (437, 87), True)
(7, 99, 44, (348, 318), (447, 362), True)
(8, 100, 31, (175, 397), (275, 428), False)
(9, 79, 45, (536, 369), (615, 414), False)
(10, 99, 99, (0, 0), (99, 99), False)
(11, 97, 59, (0, 192), (97, 251), True)
(12, 84, 20, (121, 448), (205, 468), True)
(13, 66, 72, (282, 270), (348, 342), False)
(14, 71, 24, (50, 445), (121, 469), False)
(15, 97, 28, (534, 414), (631, 442), False)
(16, 89, 52, (94, 303), (183, 355), False)
(17, 69, 20, (0, 469), (69, 489), True)
(18, 27, 13, (50, 431), (77, 444), False)
(19, 34, 98, (649, 96), (683, 194), False)
(20, 74, 93, (350, 89), (424, 182), False)
(21, 37, 71, (660, 194), (697, 265), False)
(22, 80, 45, (95, 355), (175, 400), False)
(23, 72, 95, (424, 87), (496, 182), True)
(24, 91, 61, (194, 191), (285, 252), True)
(25, 100, 36, (344, 362), (444, 398), True)
(26, 20, 10, (617, 56), (637, 66), False)
(27, 64, 45, (89, 400), (153, 445), True)
(28, 81, 14, (265, 449), (346, 463), False)
(29, 67, 41, (275, 404), (342, 445), True)
(30, 27, 13, (499, 426), (526, 439), False)
(31, 46, 10, (421, 478), (467, 488), True)
(32, 97, 52, (94, 251), (191, 303), False)
(33, 59, 25, (645, 467), (704, 492), True)
(34, 46, 34, (599, 446), (645, 480), True)
(35, 90, 37, (444, 389), (534, 426), True)
(36, 30, 22, (379, 449), (409, 471), False)
(37, 92, 94, (99, 0), (191, 94), True)
(38, 98, 20, (153, 428), (251, 448), False)
(39, 33, 26, (346, 449), (379, 475), True)
(40, 25, 13, (496, 162), (521, 175), False)
(41, 79, 62, (349, 256), (428, 318), True)
(42, 89, 34, (0, 397), (89, 431), True)
(43, 82, 16, (170, 476), (252, 492), True)
(44, 21, 14, (251, 428), (272, 442), False)
(45, 20, 25, (153, 400), (173, 425), True)
(46, 79, 74, (350, 182), (429, 256), True)
(47, 30, 86, (660, 265), (690, 351), False)
(48, 72, 21, (645, 446), (717, 467), False)
(49, 84, 97, (187, 94), (271, 191), True)
(50, 32, 63, (690, 288), (722, 351), True)
(51, 37, 96, (640, 0), (677, 96), False)
(52, 42, 11, (421, 467), (463, 478), False)
(53, 10, 71, (713, 51), (723, 122), False)
(54, 59, 26, (536, 342), (595, 368), False)
(55, 61, 30, (438, 426), (499, 456), False)
(56, 76, 78, (564, 66), (640, 144), True)
(57, 94, 55, (0, 251), (94, 306), False)
(58, 18, 56, (617, 0), (635, 56), True)
(59, 93, 59, (429, 182), (522, 241), True)
(60, 62, 62, (282, 342), (344, 404), False)
(61, 48, 36, (499, 442), (547, 478), False)
(62, 86, 60, (429, 241), (515, 301), True)
(63, 79, 97, (271, 91), (350, 188), False)
(64, 94, 19, (342, 430), (436, 449), False)
(65, 90, 52, (515, 290), (605, 342), True)
(66, 55, 79, (605, 290), (660, 369), False)
(67, 46, 51, (677, 0), (723, 51), False)
(68, 24, 87, (697, 122), (721, 209), True)
(69, 94, 32, (344, 398), (438, 430), False)
(70, 74, 13, (265, 463), (339, 476), True)
(71, 88, 98, (99, 94), (187, 192), False)
(72, 69, 42, (615, 369), (684, 411), False)
(73, 36, 58, (684, 351), (720, 409), False)
(74, 50, 35, (0, 431), (50, 466), False)
(75, 71, 35, (631, 411), (702, 446), True)
(76, 89, 47, (447, 342), (536, 389), True)
(77, 68, 90, (496, 72), (564, 162), False)
(78, 61, 35, (447, 301), (508, 336), False)
(79, 39, 46, (522, 162), (561, 208), True)
(80, 91, 55, (191, 252), (282, 307), True)
(81, 49, 27, (121, 468), (170, 495), False)
(82, 71, 11, (350, 475), (421, 486), True)
(83, 12, 70, (683, 122), (695, 192), False)
(84, 64, 82, (285, 188), (349, 270), False)
(85, 30, 71, (683, 51), (713, 122), False)
(86, 90, 45, (183, 352), (273, 397), True)
(87, 60, 28, (205, 448), (265, 476), True)
(88, 97, 59, (97, 192), (194, 251), False)
(89, 91, 48, (0, 306), (91, 354), True)
(90, 89, 91, (191, 0), (280, 91), True)
(91, 78, 89, (280, 0), (358, 89), True)
(92, 85, 69, (564, 144), (649, 213), True)
(93, 98, 93, (0, 99), (98, 192), False)
(94, 98, 12, (252, 476), (350, 488), True)
(95, 74, 70, (522, 213), (596, 283), True)
(96, 26, 79, (697, 209), (723, 288), False)
(97, 44, 15, (437, 72), (481, 87), False)
(98, 43, 21, (69, 469), (112, 490), True)
(99, 99, 45, (183, 307), (282, 352), True)