# Output file for input file "inp_500"
# Bounding: 1416x1102
# Aspect ratio of bounding: 1416/1102 == 1.2849
# Occupacy rate: 0.9437912065376768
# Schema: [(x1, y1), (x2, y2)]
[[(1157, 0), (1202, 99)],
 [(0, 98), (97, 195)],
 [(1238, 686), (1272, 777)],
 [(450, 753), (478, 802)],
 [(975, 940), (999, 980)],
 [(392, 706), (479, 753)],
 [(1203, 167), (1247, 245)],
 [(192, 286), (275, 374)],
 [(1060, 479), (1131, 550)],
 [(1289, 399), (1317, 491)],
 [(1301, 232), (1330, 316)],
 [(1201, 359), (1239, 455)],
 [(1050, 759), (1116, 816)],
 [(792, 820), (841, 882)],
 [(873, 896), (953, 926)],
 [(289, 189), (372, 287)],
 [(922, 980), (971, 1021)],
 [(674, 854), (745, 894)],
 [(1288, 1050), (1323, 1074)],
 [(1148, 718), (1197, 799)],
 [(330, 987), (350, 1059)],
 [(132, 426), (171, 451)],
 [(1247, 165), (1286, 239)],
 [(335, 586), (415, 651)],
 [(577, 1024), (623, 1058)],
 [(161, 704), (244, 754)],
 [(374, 753), (450, 804)],
 [(1111, 550), (1164, 640)],
 [(284, 1043), (327, 1074)],
 [(63, 995), (150, 1018)],
 [(464, 190), (543, 290)],
 [(623, 1028), (678, 1056)],
 [(755, 1027), (831, 1049)],
 [(95, 195), (193, 278)],
 [(64, 936), (84, 946)],
 [(154, 964), (239, 988)],
 [(841, 853), (908, 896)],
 [(1397, 880), (1413, 922)],
 [(952, 323), (1035, 402)],
 [(575, 0), (661, 99)],
 [(1390, 228), (1403, 299)],
 [(903, 246), (951, 262)],
 [(1340, 75), (1351, 151)],
 [(464, 818), (559, 853)],
 [(1302, 571), (1330, 655)],
 [(1040, 266), (1127, 321)],
 [(165, 799), (260, 837)],
 [(820, 1082), (845, 1101)],
 [(600, 445), (684, 515)],
 [(1014, 863), (1092, 899)],
 [(638, 658), (699, 730)],
 [(565, 578), (640, 648)],
 [(374, 804), (464, 843)],
 [(183, 1020), (257, 1043)],
 [(1255, 308), (1269, 331)],
 [(275, 590), (329, 679)],
 [(952, 246), (1040, 323)],
 [(245, 847), (325, 885)],
 [(294, 987), (322, 1010)],
 [(1060, 550), (1109, 567)],
 [(345, 806), (370, 842)],
 [(951, 402), (1019, 493)],
 [(1038, 573), (1111, 643)],
 [(874, 1042), (934, 1065)],
 [(1305, 655), (1332, 742)],
 [(754, 174), (820, 189)],
 [(563, 648), (638, 710)],
 [(512, 1009), (540, 1056)],
 [(631, 982), (671, 1006)],
 [(658, 894), (740, 924)],
 [(396, 958), (416, 1030)],
 [(1360, 250), (1378, 344)],
 [(684, 445), (696, 460)],
 [(798, 930), (842, 978)],
 [(1203, 245), (1218, 263)],
 [(899, 429), (950, 491)],
 [(628, 924), (688, 960)],
 [(1313, 0), (1340, 86)],
 [(1354, 902), (1380, 968)],
 [(39, 1018), (126, 1038)],
 [(1244, 436), (1289, 503)],
 [(0, 195), (95, 281)],
 [(1026, 779), (1046, 813)],
 [(674, 746), (726, 821)],
 [(96, 588), (184, 647)],
 [(483, 1059), (535, 1082)],
 [(903, 154), (978, 246)],
 [(1392, 571), (1404, 629)],
 [(410, 853), (504, 885)],
 [(388, 0), (477, 100)],
 [(1397, 922), (1416, 949)],
 [(210, 1090), (255, 1101)],
 [(657, 1068), (714, 1083)],
 [(1111, 362), (1152, 391)],
 [(0, 281), (78, 377)],
 [(319, 1085), (364, 1098)],
 [(1378, 228), (1390, 323)],
 [(1202, 0), (1245, 82)],
 [(0, 839), (65, 886)],
 [(1140, 918), (1179, 973)],
 [(345, 934), (425, 958)],
 [(908, 864), (999, 894)],
 [(621, 286), (697, 381)],
 [(1402, 0), (1413, 61)],
 [(919, 1081), (950, 1100)],
 [(886, 642), (976, 695)],
 [(1184, 638), (1194, 716)],
 [(1391, 720), (1406, 770)],
 [(1025, 81), (1100, 150)],
 [(1371, 93), (1391, 153)],
 [(1049, 960), (1113, 992)],
 [(449, 1048), (483, 1085)],
 [(739, 622), (814, 687)],
 [(1164, 544), (1208, 638)],
 [(335, 528), (386, 585)],
 [(326, 724), (374, 806)],
 [(504, 855), (584, 891)],
 [(479, 718), (535, 789)],
 [(325, 847), (345, 944)],
 [(486, 94), (575, 190)],
 [(267, 679), (326, 749)],
 [(748, 925), (798, 968)],
 [(1377, 968), (1392, 1042)],
 [(309, 885), (325, 944)],
 [(257, 1020), (330, 1043)],
 [(374, 724), (389, 752)],
 [(820, 1065), (881, 1082)],
 [(1375, 153), (1391, 228)],
 [(996, 704), (1050, 779)],
 [(1063, 1037), (1148, 1053)],
 [(934, 1042), (967, 1081)],
 [(1346, 386), (1365, 482)],
 [(1049, 930), (1078, 952)],
 [(761, 384), (833, 470)],
 [(390, 1067), (448, 1085)],
 [(1283, 981), (1351, 1010)],
 [(176, 837), (245, 882)],
 [(1236, 916), (1288, 960)],
 [(1213, 82), (1254, 165)],
 [(196, 97), (289, 194)],
 [(1208, 529), (1252, 607)],
 [(0, 638), (87, 693)],
 [(471, 463), (567, 524)],
 [(889, 558), (960, 634)],
 [(535, 1068), (576, 1088)],
 [(1113, 973), (1175, 987)],
 [(1339, 750), (1363, 833)],
 [(978, 153), (1053, 240)],
 [(852, 772), (950, 810)],
 [(1380, 899), (1397, 960)],
 [(833, 384), (871, 429)],
 [(1148, 1037), (1179, 1079)],
 [(1330, 228), (1355, 313)],
 [(194, 0), (288, 97)],
 [(1210, 1079), (1235, 1102)],
 [(359, 958), (396, 997)],
 [(199, 1060), (249, 1085)],
 [(1295, 1010), (1338, 1050)],
 [(1082, 922), (1139, 960)],
 [(1340, 0), (1366, 75)],
 [(1235, 1065), (1284, 1082)],
 [(747, 802), (792, 873)],
 [(184, 590), (275, 647)],
 [(1284, 1074), (1338, 1089)],
 [(1007, 0), (1074, 81)],
 [(390, 451), (471, 524)],
 [(163, 907), (206, 941)],
 [(842, 930), (869, 957)],
 [(483, 1082), (529, 1099)],
 [(1338, 1048), (1371, 1086)],
 [(699, 687), (773, 746)],
 [(425, 956), (520, 976)],
 [(1321, 466), (1343, 565)],
 [(575, 188), (663, 282)],
 [(717, 1007), (755, 1053)],
 [(1156, 168), (1203, 266)],
 [(364, 1085), (412, 1097)],
 [(835, 78), (927, 154)],
 [(745, 190), (823, 290)],
 [(1371, 0), (1385, 93)],
 [(260, 885), (278, 966)],
 [(1074, 69), (1090, 79)],
 [(0, 803), (100, 839)],
 [(753, 0), (853, 78)],
 [(100, 837), (176, 879)],
 [(99, 0), (194, 100)],
 [(72, 1084), (142, 1095)],
 [(155, 526), (246, 588)],
 [(1359, 833), (1385, 899)],
 [(0, 1077), (72, 1090)],
 [(1354, 562), (1372, 659)],
 [(535, 769), (611, 818)],
 [(587, 960), (671, 982)],
 [(802, 896), (873, 930)],
 [(1398, 629), (1415, 668)],
 [(845, 1082), (868, 1101)],
 [(327, 369), (425, 433)],
 [(794, 755), (852, 820)],
 [(163, 941), (229, 963)],
 [(1317, 390), (1346, 466)],
 [(1147, 0), (1157, 16)],
 [(971, 980), (1021, 1020)],
 [(988, 493), (1060, 573)],
 [(1234, 607), (1274, 686)],
 [(631, 1007), (717, 1028)],
 [(535, 718), (559, 762)],
 [(1140, 871), (1194, 918)],
 [(0, 973), (63, 1005)],
 [(1272, 686), (1305, 767)],
 [(1301, 316), (1332, 390)],
 [(567, 463), (598, 515)],
 [(410, 885), (483, 920)],
 [(528, 290), (542, 371)],
 [(496, 590), (563, 663)],
 [(218, 460), (308, 526)],
 [(1191, 461), (1244, 529)],
 [(1116, 759), (1148, 797)],
 [(1385, 0), (1401, 58)],
 [(1377, 1042), (1399, 1089)],
 [(267, 779), (320, 805)],
 [(528, 376), (600, 463)],
 [(1021, 992), (1097, 1018)],
 [(1157, 99), (1213, 167)],
 [(1372, 599), (1392, 659)],
 [(1054, 643), (1125, 710)],
 [(1271, 399), (1289, 435)],
 [(214, 882), (245, 930)],
 [(390, 433), (421, 448)],
 [(823, 262), (866, 289)],
 [(1395, 427), (1406, 495)],
 [(0, 886), (99, 912)],
 [(313, 749), (325, 774)],
 [(1165, 826), (1236, 871)],
 [(0, 912), (64, 949)],
 [(873, 926), (923, 969)],
 [(482, 524), (565, 590)],
 [(1363, 732), (1379, 811)],
 [(543, 282), (621, 376)],
 [(1223, 1010), (1295, 1035)],
 [(86, 695), (161, 752)],
 [(275, 287), (362, 369)],
 [(425, 920), (478, 956)],
 [(1107, 168), (1156, 266)],
 [(543, 190), (575, 279)],
 [(1351, 75), (1371, 164)],
 [(773, 687), (814, 741)],
 [(327, 433), (390, 528)],
 [(1197, 738), (1238, 826)],
 [(327, 1067), (390, 1085)],
 [(833, 429), (899, 521)],
 [(1285, 857), (1328, 916)],
 [(1176, 266), (1219, 359)],
 [(78, 281), (95, 354)],
 [(1107, 69), (1157, 168)],
 [(852, 810), (927, 853)],
 [(345, 890), (389, 934)],
 [(1381, 430), (1395, 508)],
 [(1231, 960), (1283, 999)],
 [(254, 374), (327, 460)],
 [(260, 806), (345, 847)],
 [(755, 1049), (784, 1090)],
 [(1288, 916), (1328, 970)],
 [(199, 1043), (284, 1060)],
 [(1402, 61), (1415, 111)],
 [(63, 973), (85, 995)],
 [(0, 1061), (79, 1077)],
 [(663, 190), (745, 286)],
 [(478, 789), (532, 812)],
 [(796, 290), (871, 384)],
 [(678, 1028), (716, 1068)],
 [(246, 528), (335, 590)],
 [(67, 426), (132, 521)],
 [(853, 0), (927, 76)],
 [(699, 658), (738, 686)],
 [(345, 843), (410, 890)],
 [(688, 925), (748, 961)],
 [(0, 743), (85, 790)],
 [(415, 590), (496, 654)],
 [(39, 1038), (107, 1061)],
 [(0, 790), (85, 803)],
 [(87, 647), (185, 695)],
 [(267, 749), (313, 779)],
 [(1243, 1035), (1288, 1065)],
 [(584, 887), (658, 921)],
 [(1300, 91), (1339, 153)],
 [(684, 462), (753, 547)],
 [(559, 818), (648, 855)],
 [(1339, 660), (1362, 750)],
 [(1328, 902), (1354, 981)],
 [(1314, 742), (1339, 833)],
 [(1053, 150), (1107, 244)],
 [(697, 362), (761, 462)],
 [(1355, 164), (1375, 250)],
 [(1005, 930), (1049, 978)],
 [(1127, 266), (1176, 362)],
 [(967, 1058), (1050, 1070)],
 [(936, 704), (996, 772)],
 [(950, 779), (1026, 827)],
 [(871, 348), (951, 429)],
 [(826, 521), (889, 608)],
 [(1255, 239), (1296, 308)],
 [(1254, 99), (1300, 160)],
 [(835, 1015), (874, 1059)],
 [(560, 710), (629, 769)],
 [(1328, 833), (1359, 902)],
 [(67, 377), (77, 420)],
 [(640, 608), (739, 658)],
 [(1379, 732), (1391, 824)],
 [(1035, 323), (1111, 391)],
 [(1040, 240), (1052, 262)],
 [(960, 573), (1038, 642)],
 [(874, 1025), (971, 1042)],
 [(362, 287), (372, 367)],
 [(623, 1056), (657, 1090)],
 [(0, 583), (96, 638)],
 [(567, 515), (658, 578)],
 [(587, 982), (631, 1024)],
 [(871, 262), (952, 348)],
 [(784, 1078), (820, 1100)],
 [(165, 754), (252, 799)],
 [(412, 1085), (441, 1101)],
 [(372, 997), (396, 1030)],
 [(171, 357), (185, 374)],
 [(372, 1049), (449, 1067)],
 [(480, 663), (560, 718)],
 [(1194, 871), (1236, 930)],
 [(154, 882), (214, 907)],
 [(309, 958), (359, 987)],
 [(279, 976), (294, 1020)],
 [(976, 643), (1054, 704)],
 [(753, 470), (826, 550)],
 [(759, 978), (832, 1003)],
 [(329, 651), (392, 724)],
 [(1271, 308), (1301, 399)],
 [(132, 451), (218, 521)],
 [(1384, 323), (1403, 375)],
 [(784, 1049), (820, 1078)],
 [(1332, 565), (1354, 660)],
 [(971, 1020), (1012, 1057)],
 [(697, 290), (796, 362)],
 [(0, 1050), (31, 1061)],
 [(611, 769), (625, 818)],
 [(0, 0), (99, 98)],
 [(927, 0), (1007, 86)],
 [(640, 578), (656, 600)],
 [(0, 470), (63, 562)],
 [(249, 1074), (319, 1090)],
 [(1125, 640), (1184, 718)],
 [(1097, 992), (1176, 1017)],
 [(1238, 777), (1279, 852)],
 [(1391, 770), (1409, 808)],
 [(1365, 344), (1384, 430)],
 [(249, 1060), (274, 1074)],
 [(0, 562), (62, 582)],
 [(416, 976), (495, 994)],
 [(39, 1005), (54, 1017)],
 [(823, 174), (903, 262)],
 [(1384, 375), (1401, 427)],
 [(229, 930), (244, 962)],
 [(842, 969), (886, 1015)],
 [(661, 0), (753, 91)],
 [(648, 821), (747, 854)],
 [(657, 1083), (701, 1100)],
 [(100, 879), (154, 907)],
 [(294, 885), (309, 982)],
 [(1005, 899), (1082, 930)],
 [(372, 1030), (446, 1049)],
 [(1384, 659), (1398, 720)],
 [(877, 695), (936, 765)],
 [(0, 377), (67, 470)],
 [(1116, 799), (1165, 868)],
 [(477, 0), (570, 94)],
 [(953, 894), (1005, 940)],
 [(1362, 659), (1384, 732)],
 [(471, 451), (521, 463)],
 [(63, 521), (155, 583)],
 [(716, 1053), (749, 1089)],
 [(144, 1066), (196, 1087)],
 [(1252, 503), (1287, 585)],
 [(712, 968), (759, 1007)],
 [(761, 362), (793, 383)],
 [(1097, 1017), (1187, 1037)],
 [(1254, 0), (1284, 99)],
 [(1179, 930), (1231, 970)],
 [(670, 91), (754, 190)],
 [(1322, 153), (1351, 228)],
 [(0, 693), (86, 743)],
 [(881, 1065), (919, 1090)],
 [(1179, 970), (1223, 1016)],
 [(814, 686), (877, 755)],
 [(126, 1020), (183, 1050)],
 [(245, 885), (260, 983)],
 [(1092, 868), (1140, 922)],
 [(1343, 482), (1365, 562)],
 [(1111, 321), (1127, 361)],
 [(425, 368), (452, 386)],
 [(483, 920), (569, 946)],
 [(886, 969), (922, 1025)],
 [(658, 515), (679, 546)],
 [(95, 278), (192, 357)],
 [(658, 547), (748, 608)],
 [(1286, 160), (1322, 232)],
 [(1130, 1079), (1210, 1090)],
 [(824, 608), (886, 686)],
 [(754, 78), (835, 174)],
 [(65, 839), (100, 883)],
 [(483, 891), (571, 920)],
 [(392, 654), (480, 706)],
 [(0, 1005), (39, 1050)],
 [(1239, 339), (1271, 436)],
 [(671, 961), (712, 1006)],
 [(759, 1003), (835, 1027)],
 [(927, 827), (1014, 864)],
 [(1391, 142), (1403, 213)],
 [(1154, 362), (1201, 461)],
 [(577, 1058), (613, 1089)],
 [(308, 460), (325, 528)],
 [(252, 704), (267, 799)],
 [(454, 290), (528, 386)],
 [(495, 976), (512, 1059)],
 [(1052, 244), (1063, 266)],
 [(1050, 718), (1148, 759)],
 [(154, 988), (217, 1020)],
 [(446, 1015), (487, 1048)],
 [(835, 154), (900, 172)],
 [(350, 997), (372, 1062)],
 [(575, 99), (670, 188)],
 [(520, 946), (550, 1009)],
 [(1179, 1064), (1235, 1079)],
 [(550, 958), (587, 1009)],
 [(1289, 491), (1321, 571)],
 [(390, 524), (482, 586)],
 [(416, 994), (483, 1015)],
 [(389, 890), (408, 929)],
 [(1351, 981), (1377, 1048)],
 [(1391, 58), (1402, 142)],
 [(309, 944), (339, 958)],
 [(923, 940), (975, 980)],
 [(1089, 391), (1154, 467)],
 [(88, 964), (154, 995)],
 [(107, 1050), (199, 1066)],
 [(1208, 607), (1231, 633)],
 [(278, 885), (294, 976)],
 [(0, 1090), (63, 1100)],
 [(372, 276), (454, 368)],
 [(584, 855), (674, 887)],
 [(1386, 508), (1400, 571)],
 [(1094, 816), (1114, 868)],
 [(1285, 767), (1314, 857)],
 [(88, 936), (163, 964)],
 [(185, 647), (267, 704)],
 [(425, 386), (521, 451)],
 [(1021, 1018), (1063, 1058)],
 [(289, 98), (388, 189)],
 [(1372, 510), (1386, 599)],
 [(193, 194), (280, 286)],
 [(217, 988), (279, 1020)],
 [(1392, 960), (1403, 1023)],
 [(600, 381), (697, 445)],
 [(1385, 824), (1399, 880)],
 [(1274, 585), (1302, 681)],
 [(569, 921), (628, 958)],
 [(1049, 1070), (1130, 1081)],
 [(260, 966), (274, 987)],
 [(85, 754), (165, 803)],
 [(1019, 402), (1089, 479)],
 [(171, 374), (254, 451)],
 [(1074, 0), (1147, 69)],
 [(289, 0), (381, 98)],
 [(388, 100), (486, 190)],
 [(726, 746), (794, 802)],
 [(550, 1009), (577, 1068)],
 [(967, 1070), (1049, 1082)],
 [(78, 357), (171, 426)],
 [(1284, 0), (1313, 91)],
 [(748, 550), (824, 622)],
 [(64, 912), (160, 936)],
 [(1403, 148), (1416, 184)],
 [(899, 493), (988, 558)],
 [(0, 949), (88, 973)],
 [(1165, 799), (1194, 823)],
 [(1219, 245), (1255, 339)],
 [(79, 1066), (144, 1084)],
 [(1236, 852), (1285, 908)],
 [(100, 803), (164, 837)],
 [(1131, 467), (1191, 544)],
 [(745, 882), (802, 925)],
 [(1187, 1035), (1243, 1064)],
 [(927, 86), (1025, 153)],
 [(1050, 1058), (1125, 1070)],
 [(1403, 111), (1416, 148)],
 [(629, 730), (674, 817)],
 [(1332, 313), (1360, 386)],
 [(142, 1087), (210, 1098)],
 [(372, 190), (464, 276)],
 [(1197, 638), (1234, 738)],
 [(1026, 816), (1094, 863)],
 [(97, 100), (196, 194)],
 [(1390, 299), (1414, 323)],
 [(1365, 430), (1381, 510)]]