# Output file for input file "inp_100"
# Bounding: 420x789
# Aspect ratio of bounding: 420/789 == 0.5323
# Occupacy rate: 0.9173909107369184
# Schema: [(x1, y1), (x2, y2)]
[[(187, 649), (239, 728)],
 [(335, 208), (351, 235)],
 [(357, 490), (377, 535)],
 [(208, 773), (286, 785)],
 [(239, 649), (309, 704)],
 [(392, 273), (418, 301)],
 [(65, 552), (121, 591)],
 [(71, 232), (89, 244)],
 [(187, 84), (257, 176)],
 [(351, 540), (380, 616)],
 [(181, 0), (260, 84)],
 [(383, 333), (400, 422)],
 [(0, 89), (93, 174)],
 [(269, 561), (350, 583)],
 [(90, 727), (164, 762)],
 [(386, 638), (420, 656)],
 [(0, 557), (65, 627)],
 [(380, 0), (416, 37)],
 [(125, 522), (193, 596)],
 [(400, 37), (411, 132)],
 [(395, 422), (415, 470)],
 [(332, 444), (357, 540)],
 [(170, 263), (270, 312)],
 [(392, 206), (403, 273)],
 [(71, 174), (90, 232)],
 [(63, 396), (152, 462)],
 [(93, 93), (187, 172)],
 [(65, 596), (139, 657)],
 [(145, 768), (208, 788)],
 [(152, 460), (244, 522)],
 [(160, 320), (251, 394)],
 [(353, 0), (380, 81)],
 [(60, 686), (156, 727)],
 [(370, 246), (392, 333)],
 [(256, 208), (335, 247)],
 [(403, 230), (418, 256)],
 [(270, 247), (327, 299)],
 [(225, 740), (296, 773)],
 [(260, 0), (298, 91)],
 [(256, 247), (266, 261)],
 [(330, 323), (370, 381)],
 [(363, 727), (393, 789)],
 [(380, 37), (397, 79)],
 [(139, 596), (187, 686)],
 [(0, 174), (71, 273)],
 [(380, 490), (395, 586)],
 [(256, 176), (355, 208)],
 [(186, 176), (256, 263)],
 [(309, 647), (361, 692)],
 [(298, 0), (344, 65)],
 [(357, 439), (395, 490)],
 [(327, 247), (363, 323)],
 [(164, 728), (225, 768)],
 [(378, 81), (400, 161)],
 [(263, 584), (351, 616)],
 [(125, 462), (150, 516)],
 [(269, 514), (332, 561)],
 [(347, 381), (383, 439)],
 [(239, 704), (332, 740)],
 [(0, 727), (90, 756)],
 [(386, 612), (420, 638)],
 [(160, 394), (252, 460)],
 [(193, 584), (263, 649)],
 [(156, 686), (179, 703)],
 [(263, 616), (353, 647)],
 [(403, 132), (413, 230)],
 [(353, 81), (378, 168)],
 [(252, 366), (330, 410)],
 [(252, 410), (347, 444)],
 [(286, 773), (353, 784)],
 [(296, 740), (363, 773)],
 [(301, 118), (350, 172)],
 [(392, 301), (414, 320)],
 [(96, 0), (181, 93)],
 [(361, 616), (386, 691)],
 [(156, 703), (180, 718)],
 [(0, 697), (55, 725)],
 [(193, 522), (269, 584)],
 [(252, 444), (323, 459)],
 [(0, 467), (61, 557)],
 [(93, 172), (186, 250)],
 [(0, 0), (96, 89)],
 [(332, 692), (388, 727)],
 [(257, 91), (301, 168)],
 [(381, 161), (403, 206)],
 [(70, 320), (160, 396)],
 [(330, 381), (344, 401)],
 [(0, 273), (70, 371)],
 [(60, 657), (122, 680)],
 [(301, 65), (353, 118)],
 [(0, 627), (60, 697)],
 [(355, 168), (381, 246)],
 [(244, 460), (314, 514)],
 [(251, 312), (321, 366)],
 [(0, 371), (63, 467)],
 [(380, 586), (416, 612)],
 [(88, 762), (145, 787)],
 [(71, 250), (170, 320)],
 [(0, 756), (88, 781)],
 [(63, 462), (125, 552)]]