[(51, 42),
 (81, 11),
 (94, 10),
 (91, 18),
 (99, 75),
 (92, 19),
 (11, 83),
 (67, 32),
 (20, 99),
 (94, 43),
 (42, 37),
 (59, 77),
 (88, 99),
 (61, 68),
 (81, 25),
 (48, 49),
 (62, 59),
 (95, 22),
 (69, 35),
 (13, 31),
 (21, 74),
 (19, 87),
 (100, 65),
 (51, 68),
 (60, 60),
 (33, 49),
 (10, 86),
 (57, 62),
 (18, 91),
 (95, 35),
 (48, 90),
 (19, 39),
 (22, 27),
 (32, 33),
 (79, 44),
 (89, 36),
 (56, 19),
 (86, 69),
 (75, 94),
 (62, 37),
 (10, 57),
 (62, 49),
 (54, 64),
 (15, 49),
 (88, 42),
 (81, 89),
 (13, 42),
 (94, 99),
 (46, 63),
 (74, 73),
 (67, 77),
 (10, 27),
 (39, 18),
 (17, 10),
 (91, 31),
 (52, 65),
 (49, 24),
 (23, 43),
 (20, 69),
 (39, 10),
 (18, 90),
 (32, 25),
 (77, 43),
 (65, 92),
 (88, 44),
 (88, 55),
 (89, 41),
 (71, 34),
 (90, 40),
 (64, 31),
 (57, 48),
 (61, 88),
 (83, 59),
 (61, 21),
 (55, 95),
 (33, 37),
 (69, 81),
 (48, 90),
 (57, 11),
 (34, 71),
 (47, 48),
 (34, 15),
 (90, 70),
 (81, 40),
 (60, 61),
 (90, 82),
 (44, 94),
 (62, 47),
 (14, 36),
 (66, 84),
 (28, 62),
 (17, 29),
 (12, 67),
 (44, 71),
 (39, 82),
 (58, 86),
 (69, 74),
 (11, 40),
 (17, 34),
 (74, 74),
 (78, 76),
 (34, 36),
 (76, 53),
 (52, 49),
 (17, 60),
 (99, 28),
 (11, 11),
 (76, 34),
 (98, 74),
 (26, 55),
 (78, 25),
 (68, 98),
 (87, 79),
 (52, 49),
 (19, 37),
 (50, 35),
 (87, 23),
 (29, 86),
 (52, 48),
 (32, 94),
 (100, 22),
 (73, 88),
 (46, 62),
 (42, 64),
 (92, 63),
 (76, 80),
 (15, 64),
 (57, 10),
 (58, 84),
 (49, 34),
 (52, 39),
 (65, 41),
 (32, 65),
 (64, 88),
 (16, 57),
 (88, 55),
 (88, 35),
 (63, 29),
 (94, 35),
 (18, 31),
 (92, 78),
 (90, 46),
 (51, 86),
 (71, 67),
 (60, 31),
 (71, 40),
 (39, 35),
 (55, 36),
 (96, 46),
 (60, 56),
 (63, 99),
 (17, 82),
 (22, 48),
 (72, 15),
 (83, 68),
 (59, 13),
 (24, 43),
 (70, 82),
 (44, 17),
 (10, 61),
 (75, 44),
 (43, 50),
 (38, 76),
 (74, 80),
 (95, 54),
 (31, 93),
 (78, 40),
 (24, 71),
 (18, 12),
 (80, 65),
 (27, 79),
 (93, 87),
 (48, 39),
 (59, 83),
 (80, 25),
 (75, 80),
 (49, 96),
 (96, 44),
 (60, 71),
 (42, 30),
 (69, 10),
 (36, 23),
 (29, 76),
 (71, 65),
 (18, 14),
 (98, 52),
 (81, 17),
 (31, 99),
 (10, 19),
 (71, 72),
 (32, 69),
 (68, 74),
 (15, 40),
 (89, 67),
 (100, 67),
 (64, 56),
 (48, 61),
 (27, 57),
 (36, 14),
 (95, 79),
 (76, 19),
 (12, 47),
 (80, 38),
 (92, 86),
 (50, 41),
 (19, 48),
 (38, 16),
 (94, 85),
 (92, 36),
 (88, 30),
 (63, 79),
 (31, 79),
 (17, 72),
 (57, 27),
 (68, 35),
 (35, 71),
 (47, 100),
 (82, 12),
 (30, 19),
 (80, 82),
 (84, 54),
 (23, 64),
 (33, 37),
 (72, 17),
 (71, 84),
 (84, 78),
 (72, 23),
 (28, 37),
 (25, 37),
 (42, 70),
 (12, 64),
 (33, 11),
 (74, 18),
 (87, 94),
 (36, 23),
 (40, 88),
 (34, 15),
 (44, 38),
 (98, 87),
 (31, 42),
 (27, 56),
 (33, 79),
 (57, 85),
 (55, 11),
 (56, 33),
 (62, 33),
 (77, 30),
 (14, 55),
 (74, 51),
 (62, 24),
 (70, 73),
 (34, 91),
 (93, 56),
 (70, 83),
 (68, 80),
 (53, 81),
 (94, 19),
 (39, 32),
 (50, 26),
 (68, 81),
 (27, 62),
 (72, 29),
 (82, 51),
 (17, 90),
 (70, 86),
 (63, 74),
 (79, 50),
 (46, 92),
 (98, 97),
 (74, 24),
 (97, 12),
 (83, 95),
 (70, 41),
 (56, 82),
 (10, 65),
 (91, 24),
 (78, 82),
 (27, 13),
 (32, 60),
 (54, 20),
 (98, 51),
 (95, 99),
 (21, 51),
 (22, 82),
 (39, 77),
 (77, 95),
 (73, 80),
 (19, 10),
 (27, 83),
 (66, 75),
 (92, 69),
 (75, 44),
 (48, 76),
 (18, 36),
 (80, 83),
 (25, 46),
 (64, 57),
 (44, 84),
 (28, 14),
 (45, 12),
 (22, 31),
 (100, 93),
 (63, 32),
 (96, 81),
 (27, 15),
 (70, 15),
 (83, 25),
 (40, 17),
 (36, 24),
 (21, 13),
 (22, 85),
 (26, 87),
 (12, 98),
 (48, 21),
 (72, 67),
 (44, 38),
 (44, 56),
 (53, 16),
 (57, 98),
 (10, 97),
 (46, 34),
 (20, 62),
 (61, 34),
 (50, 30),
 (29, 30),
 (35, 68),
 (83, 94),
 (22, 45),
 (12, 98),
 (17, 32),
 (88, 36),
 (10, 28),
 (68, 61),
 (92, 98),
 (88, 81),
 (16, 52),
 (13, 77),
 (21, 33),
 (38, 86),
 (90, 31),
 (89, 15),
 (36, 77),
 (16, 29),
 (95, 80),
 (36, 73),
 (28, 43),
 (85, 71),
 (11, 79),
 (95, 66),
 (63, 10),
 (38, 49),
 (39, 44),
 (50, 45),
 (96, 65),
 (47, 88),
 (90, 39),
 (44, 82),
 (14, 72),
 (93, 78),
 (51, 59),
 (22, 56),
 (74, 79),
 (100, 57),
 (19, 81),
 (18, 95),
 (61, 24),
 (84, 73),
 (19, 59),
 (87, 28),
 (61, 43),
 (43, 58),
 (98, 47),
 (77, 74),
 (59, 56),
 (81, 37),
 (19, 87),
 (72, 93),
 (52, 91),
 (35, 71),
 (12, 17),
 (19, 92),
 (97, 25),
 (23, 96),
 (46, 77),
 (71, 42),
 (18, 32),
 (87, 49),
 (20, 92),
 (27, 100),
 (53, 33),
 (52, 73),
 (95, 64),
 (22, 27),
 (24, 55),
 (41, 99),
 (51, 65),
 (66, 10),
 (85, 21),
 (71, 45),
 (42, 20),
 (20, 79),
 (12, 79),
 (88, 68),
 (45, 81),
 (21, 40),
 (87, 46),
 (64, 12),
 (90, 19),
 (28, 73),
 (52, 68),
 (67, 66),
 (50, 39),
 (79, 11),
 (55, 93),
 (45, 60),
 (27, 17),
 (73, 65),
 (36, 93),
 (47, 94),
 (32, 13),
 (95, 69),
 (72, 17),
 (51, 27),
 (47, 43),
 (32, 75),
 (56, 59),
 (28, 84),
 (17, 52),
 (35, 37),
 (19, 71),
 (46, 24),
 (31, 34),
 (89, 49),
 (82, 75),
 (73, 86),
 (25, 59),
 (81, 45),
 (100, 94),
 (46, 32),
 (91, 94),
 (86, 24),
 (85, 92),
 (52, 59),
 (25, 11),
 (44, 94),
 (32, 11),
 (34, 69),
 (45, 73),
 (25, 82),
 (19, 42),
 (90, 41),
 (60, 63),
 (56, 52),
 (42, 78),
 (85, 67),
 (94, 66),
 (57, 43),
 (56, 75),
 (25, 86),
 (67, 17),
 (57, 54),
 (39, 39),
 (80, 68),
 (69, 43),
 (33, 68),
 (76, 43),
 (13, 93),
 (88, 32),
 (16, 21),
 (46, 39),
 (39, 90),
 (99, 28),
 (92, 32),
 (88, 46),
 (85, 46),
 (46, 84),
 (14, 93),
 (69, 84),
 (83, 23),
 (76, 54),
 (30, 56),
 (13, 92),
 (36, 35),
 (34, 61),
 (35, 29),
 (61, 85),
 (97, 46),
 (82, 18),
 (49, 27),
 (25, 35),
 (14, 84),
 (22, 33),
 (72, 22),
 (47, 63),
 (50, 12),
 (28, 31),
 (27, 57),
 (64, 15),
 (29, 66),
 (67, 76),
 (74, 41),
 (26, 42),
 (42, 58),
 (52, 100),
 (18, 29),
 (42, 80),
 (91, 11),
 (21, 79),
 (21, 28),
 (75, 67),
 (37, 98),
 (26, 26),
 (77, 75),
 (30, 43),
 (22, 40),
 (43, 34),
 (31, 36),
 (73, 41),
 (30, 26),
 (100, 12),
 (75, 90),
 (99, 99),
 (27, 85),
 (62, 40),
 (75, 32),
 (76, 49),
 (62, 29),
 (38, 86),
 (35, 41),
 (15, 77),
 (78, 30),
 (64, 80),
 (82, 61),
 (49, 11),
 (31, 13),
 (13, 30),
 (19, 100),
 (39, 32),
 (18, 91),
 (22, 77),
 (93, 92),
 (37, 23),
 (61, 56),
 (14, 14),
 (30, 85),
 (67, 37),
 (74, 48),
 (51, 54),
 (92, 90),
 (22, 10),
 (48, 86),
 (32, 59),
 (15, 28),
 (18, 62),
 (66, 71),
 (28, 84),
 (82, 50),
 (76, 52),
 (84, 47),
 (64, 37),
 (64, 21),
 (37, 59),
 (50, 40),
 (77, 100),
 (36, 51),
 (99, 31),
 (42, 97),
 (85, 72),
 (66, 78),
 (48, 26),
 (92, 23),
 (100, 89),
 (64, 99),
 (27, 21),
 (43, 37),
 (82, 29),
 (85, 50),
 (19, 60),
 (77, 71),
 (75, 15),
 (57, 27),
 (31, 51),
 (69, 98),
 (11, 27),
 (95, 12),
 (92, 56),
 (25, 13),
 (15, 97),
 (78, 91),
 (65, 90),
 (77, 96),
 (31, 14),
 (94, 31),
 (62, 31),
 (56, 55),
 (64, 82),
 (23, 94),
 (70, 82),
 (19, 53),
 (82, 29),
 (30, 83),
 (19, 79),
 (38, 22),
 (64, 53),
 (77, 11),
 (25, 65),
 (93, 44),
 (11, 91),
 (44, 58),
 (100, 34),
 (55, 26),
 (96, 37),
 (72, 45),
 (55, 15),
 (84, 22),
 (36, 27),
 (82, 88),
 (31, 28),
 (50, 74),
 (68, 100),
 (29, 62),
 (28, 37),
 (53, 32),
 (10, 100),
 (62, 80),
 (14, 94),
 (36, 93),
 (63, 79),
 (67, 72),
 (77, 58),
 (26, 57),
 (16, 95),
 (70, 33),
 (78, 44),
 (33, 17),
 (95, 12),
 (72, 98),
 (59, 23),
 (46, 31),
 (78, 68),
 (57, 35),
 (50, 20),
 (11, 55),
 (10, 69),
 (14, 67),
 (58, 18),
 (94, 88),
 (60, 81),
 (76, 37),
 (58, 40),
 (61, 51),
 (58, 20),
 (40, 13),
 (70, 48),
 (77, 42),
 (87, 51),
 (49, 52),
 (42, 87),
 (70, 16),
 (12, 49),
 (69, 79),
 (23, 29),
 (77, 88),
 (99, 15),
 (20, 44),
 (70, 31),
 (48, 45),
 (16, 92),
 (41, 13),
 (51, 66),
 (87, 36),
 (65, 71),
 (84, 52),
 (70, 46),
 (97, 28),
 (95, 84),
 (11, 81),
 (67, 10),
 (94, 28),
 (78, 43),
 (65, 98),
 (90, 69),
 (97, 62),
 (59, 62),
 (89, 93),
 (23, 90),
 (75, 47),
 (77, 94),
 (59, 55),
 (77, 48),
 (10, 60),
 (31, 27),
 (81, 41),
 (96, 72),
 (16, 63),
 (71, 77),
 (46, 96),
 (25, 52),
 (46, 78),
 (66, 77),
 (47, 36),
 (61, 19),
 (19, 86),
 (65, 98),
 (62, 10),
 (75, 87),
 (77, 49),
 (47, 98),
 (94, 16),
 (73, 41),
 (15, 100),
 (48, 68),
 (93, 100),
 (75, 58),
 (42, 28),
 (40, 19),
 (30, 60),
 (26, 64),
 (75, 24),
 (53, 63),
 (48, 38),
 (49, 74),
 (62, 95),
 (60, 25),
 (39, 27),
 (58, 33),
 (45, 32),
 (80, 54),
 (44, 48),
 (33, 47),
 (68, 22),
 (70, 15),
 (24, 78),
 (86, 73),
 (13, 50),
 (18, 31),
 (77, 42),
 (81, 74),
 (18, 80),
 (61, 25),
 (77, 81),
 (47, 24),
 (26, 98),
 (14, 23),
 (15, 56),
 (51, 98),
 (16, 28),
 (80, 22),
 (15, 84),
 (40, 40),
 (62, 54),
 (54, 67),
 (65, 75),
 (80, 17),
 (72, 94),
 (49, 35),
 (61, 24),
 (39, 50),
 (51, 10),
 (61, 50),
 (39, 23),
 (81, 86),
 (60, 17),
 (90, 70),
 (49, 57),
 (91, 94),
 (28, 43),
 (34, 90),
 (56, 96),
 (59, 59),
 (46, 13),
 (55, 80),
 (22, 47),
 (61, 16),
 (34, 27),
 (98, 94),
 (28, 16),
 (42, 28),
 (47, 15),
 (86, 55),
 (19, 39),
 (77, 18),
 (81, 43),
 (97, 46),
 (46, 54),
 (83, 28),
 (94, 87),
 (45, 70),
 (27, 95),
 (24, 72),
 (14, 28),
 (62, 75),
 (42, 18),
 (46, 58),
 (82, 77),
 (86, 81),
 (100, 40),
 (69, 87),
 (77, 11),
 (48, 72),
 (10, 12),
 (94, 84),
 (81, 11),
 (46, 39),
 (21, 51),
 (28, 63),
 (87, 81),
 (50, 96),
 (57, 25),
 (46, 80),
 (57, 71),
 (43, 19),
 (23, 83),
 (73, 97),
 (66, 11),
 (40, 21),
 (71, 11),
 (37, 50),
 (54, 98),
 (13, 39),
 (39, 81),
 (44, 17),
 (34, 17),
 (13, 22),
 (96, 47),
 (58, 67),
 (20, 65),
 (17, 82),
 (57, 54),
 (78, 37),
 (96, 55),
 (90, 32),
 (52, 16),
 (16, 26),
 (71, 79),
 (68, 52),
 (10, 52),
 (42, 69),
 (76, 16),
 (57, 39),
 (29, 11),
 (72, 11),
 (19, 17),
 (41, 58),
 (73, 94),
 (65, 19),
 (22, 30),
 (57, 52),
 (42, 95),
 (71, 98),
 (83, 41),
 (78, 24),
 (45, 93),
 (57, 88),
 (99, 28),
 (35, 49),
 (49, 34),
 (23, 77),
 (73, 16),
 (81, 53),
 (80, 37),
 (57, 10),
 (62, 49),
 (64, 74),
 (38, 53),
 (88, 92),
 (41, 82),
 (50, 51),
 (30, 30),
 (72, 32),
 (21, 13),
 (52, 13),
 (76, 80),
 (84, 63),
 (19, 59),
 (54, 47),
 (100, 100),
 (87, 84),
 (50, 45),
 (95, 76),
 (28, 26),
 (17, 61),
 (64, 46),
 (76, 45),
 (81, 64),
 (44, 64),
 (50, 54),
 (33, 53),
 (39, 81),
 (11, 22),
 (73, 31),
 (64, 60),
 (10, 52),
 (95, 68),
 (81, 44),
 (33, 40),
 (82, 48),
 (62, 44),
 (61, 77),
 (82, 18),
 (98, 34),
 (33, 49),
 (34, 67),
 (12, 89),
 (12, 32),
 (98, 14),
 (91, 36),
 (79, 80),
 (38, 46),
 (68, 99),
 (83, 39),
 (21, 47),
 (72, 80),
 (20, 97),
 (32, 26),
 (78, 23),
 (48, 17),
 (86, 21),
 (74, 16),
 (61, 40),
 (61, 29),
 (37, 25),
 (43, 46),
 (94, 52),
 (86, 21),
 (93, 46),
 (16, 72),
 (89, 39),
 (93, 49),
 (59, 31),
 (74, 85),
 (42, 92),
 (11, 43),
 (58, 91),
 (11, 43),
 (26, 92),
 (88, 38),
 (27, 33),
 (80, 37),
 (91, 81),
 (66, 74),
 (16, 74),
 (26, 72),
 (44, 15),
 (81, 16),
 (83, 45),
 (62, 10),
 (43, 86),
 (42, 22),
 (36, 27),
 (44, 94),
 (84, 36),
 (39, 76),
 (19, 88),
 (32, 81),
 (62, 34),
 (48, 12),
 (53, 57),
 (80, 41),
 (16, 50),
 (56, 25),
 (79, 43),
 (35, 70),
 (34, 82),
 (13, 36),
 (70, 61),
 (57, 33),
 (20, 59),
 (85, 78),
 (87, 32),
 (12, 19),
 (16, 59),
 (80, 41),
 (37, 50),
 (53, 89),
 (45, 72),
 (12, 56),
 (40, 80),
 (96, 72),
 (12, 32),
 (18, 21),
 (95, 98),
 (17, 62),
 (66, 28),
 (73, 42),
 (91, 91),
 (34, 56),
 (79, 73),
 (93, 36),
 (64, 18),
 (26, 95),
 (99, 96),
 (29, 98),
 (66, 84),
 (11, 21),
 (88, 58),
 (47, 28),
 (10, 45),
 (14, 35),
 (38, 43)]