[(26, 49),
 (32, 96),
 (72, 95),
 (56, 37),
 (32, 83),
 (71, 14),
 (49, 44),
 (90, 44),
 (86, 43),
 (76, 92),
 (56, 16),
 (26, 41),
 (90, 23),
 (55, 18),
 (68, 80),
 (38, 64),
 (57, 73),
 (14, 15),
 (44, 82),
 (99, 44),
 (25, 81),
 (96, 16),
 (66, 96),
 (79, 25),
 (25, 16),
 (57, 70),
 (46, 27),
 (72, 11),
 (81, 57),
 (82, 19),
 (96, 67),
 (18, 99),
 (79, 56),
 (62, 90),
 (65, 34),
 (37, 58),
 (95, 34),
 (73, 14),
 (40, 40),
 (10, 59),
 (86, 69),
 (86, 93),
 (88, 81),
 (99, 79),
 (55, 39),
 (89, 88),
 (61, 61),
 (58, 26),
 (57, 71),
 (71, 32)]