[(45, 99),
 (97, 97),
 (34, 91),
 (28, 49),
 (24, 40),
 (87, 47),
 (44, 78),
 (83, 88),
 (71, 71),
 (28, 92),
 (29, 84),
 (38, 96),
 (66, 57),
 (49, 62),
 (80, 30),
 (83, 98),
 (49, 41),
 (71, 40),
 (35, 24),
 (49, 81),
 (20, 72),
 (39, 25),
 (39, 74),
 (80, 65),
 (46, 34),
 (83, 50),
 (76, 51),
 (53, 90),
 (43, 31),
 (87, 23),
 (79, 100),
 (55, 28),
 (76, 22),
 (98, 83),
 (20, 10),
 (85, 24),
 (67, 43),
 (16, 42),
 (83, 79),
 (86, 99),
 (13, 71),
 (48, 16),
 (11, 76),
 (95, 35),
 (28, 84),
 (87, 55),
 (95, 38),
 (25, 19),
 (84, 70),
 (78, 36),
 (61, 72),
 (75, 70),
 (90, 39),
 (74, 23),
 (14, 23),
 (54, 89),
 (88, 77),
 (80, 38),
 (28, 23),
 (49, 17),
 (25, 36),
 (68, 91),
 (73, 70),
 (60, 23),
 (27, 87),
 (66, 15),
 (75, 62),
 (28, 47),
 (40, 24),
 (82, 30),
 (20, 72),
 (18, 94),
 (12, 15),
 (44, 48),
 (15, 18),
 (51, 62),
 (60, 36),
 (27, 86),
 (26, 66),
 (87, 20),
 (45, 67),
 (95, 86),
 (20, 34),
 (52, 75),
 (88, 59),
 (52, 23),
 (75, 92),
 (12, 58),
 (94, 32),
 (89, 100),
 (19, 27),
 (45, 11),
 (57, 15),
 (41, 29),
 (78, 96),
 (45, 13),
 (12, 95),
 (43, 82),
 (65, 47),
 (39, 55),
 (80, 24),
 (91, 30),
 (76, 95),
 (11, 61),
 (31, 19),
 (90, 53),
 (10, 78),
 (15, 50),
 (75, 69),
 (20, 60),
 (64, 32),
 (34, 37),
 (75, 65),
 (44, 94),
 (51, 57),
 (48, 82),
 (80, 36),
 (56, 71),
 (20, 97),
 (89, 96),
 (59, 70),
 (50, 43),
 (15, 74),
 (16, 59),
 (73, 23),
 (15, 28),
 (61, 17),
 (16, 75),
 (54, 75),
 (85, 16),
 (33, 39),
 (19, 96),
 (29, 22),
 (72, 86),
 (58, 18),
 (68, 29),
 (69, 45),
 (52, 44),
 (41, 83),
 (93, 97),
 (44, 78),
 (87, 55),
 (96, 61),
 (71, 76),
 (41, 20),
 (62, 14),
 (24, 83),
 (75, 87),
 (98, 38),
 (17, 61),
 (38, 45),
 (31, 42),
 (25, 85),
 (94, 97),
 (25, 23),
 (37, 39),
 (50, 25),
 (43, 40),
 (57, 38),
 (26, 75),
 (49, 17),
 (45, 71),
 (91, 57),
 (54, 15),
 (67, 81),
 (81, 73),
 (43, 34),
 (27, 27),
 (46, 17),
 (33, 38),
 (74, 59),
 (95, 20),
 (22, 99),
 (88, 94),
 (38, 46),
 (47, 98),
 (48, 12),
 (92, 76),
 (78, 100),
 (14, 93),
 (18, 81),
 (16, 10),
 (100, 36),
 (100, 78),
 (76, 42),
 (95, 100),
 (70, 11),
 (91, 62),
 (26, 66),
 (72, 13),
 (18, 97),
 (76, 49),
 (84, 22),
 (71, 34),
 (17, 39),
 (23, 19),
 (98, 64),
 (58, 65),
 (66, 22),
 (29, 76),
 (10, 16),
 (50, 40),
 (72, 80),
 (40, 79),
 (86, 21),
 (24, 44),
 (54, 47),
 (63, 32),
 (33, 81),
 (31, 74),
 (31, 52),
 (73, 35),
 (14, 81),
 (67, 73),
 (90, 66),
 (53, 68),
 (32, 38),
 (16, 58),
 (22, 47),
 (53, 26),
 (72, 87),
 (76, 26),
 (56, 68),
 (20, 60),
 (71, 67),
 (18, 36),
 (31, 48),
 (31, 15),
 (43, 27),
 (11, 68),
 (99, 26),
 (12, 25),
 (71, 45),
 (64, 37),
 (50, 43),
 (83, 66),
 (16, 79),
 (78, 94),
 (72, 25),
 (75, 57),
 (87, 82),
 (53, 36),
 (49, 98),
 (32, 89),
 (20, 89),
 (41, 54),
 (63, 95),
 (41, 88),
 (63, 18),
 (66, 92),
 (43, 59),
 (43, 93),
 (17, 73),
 (50, 99),
 (75, 43),
 (44, 44),
 (14, 78),
 (52, 39),
 (73, 86),
 (85, 41),
 (29, 41),
 (40, 54),
 (85, 17),
 (13, 50),
 (22, 22),
 (79, 16),
 (82, 96),
 (54, 23),
 (75, 94),
 (38, 40),
 (89, 62),
 (65, 95),
 (74, 76),
 (39, 28),
 (65, 47),
 (60, 36),
 (85, 47),
 (81, 64),
 (68, 23),
 (85, 13),
 (98, 48),
 (46, 30),
 (45, 30),
 (74, 34),
 (39, 62),
 (69, 85),
 (89, 37),
 (23, 90),
 (26, 79),
 (25, 91),
 (54, 94),
 (64, 100),
 (20, 86),
 (44, 48),
 (49, 96),
 (83, 12),
 (60, 68),
 (76, 48),
 (80, 81),
 (63, 87),
 (41, 69),
 (46, 61),
 (39, 44),
 (69, 59),
 (31, 69),
 (10, 43),
 (99, 50),
 (12, 92),
 (76, 68),
 (12, 22),
 (78, 69),
 (97, 17),
 (10, 80),
 (34, 34),
 (96, 55),
 (91, 63),
 (44, 42),
 (81, 86),
 (36, 22),
 (87, 45),
 (29, 16),
 (24, 33),
 (14, 17),
 (77, 18),
 (80, 55),
 (42, 59),
 (60, 25),
 (50, 29),
 (15, 44),
 (78, 61),
 (73, 80),
 (73, 25),
 (63, 73),
 (30, 91),
 (86, 70),
 (19, 52),
 (36, 29),
 (22, 95),
 (41, 37),
 (99, 72),
 (31, 11),
 (14, 49),
 (99, 98),
 (80, 86),
 (16, 22),
 (63, 92),
 (70, 16),
 (59, 78),
 (79, 25),
 (41, 75),
 (18, 38),
 (19, 86),
 (25, 14),
 (62, 20),
 (79, 18),
 (15, 12),
 (80, 88),
 (17, 52),
 (15, 32),
 (44, 46),
 (92, 91),
 (99, 33),
 (44, 17),
 (54, 28),
 (15, 97),
 (77, 31),
 (74, 19),
 (14, 61),
 (59, 70),
 (67, 93),
 (49, 69),
 (93, 94),
 (52, 46),
 (22, 73),
 (50, 12),
 (92, 62),
 (33, 36),
 (52, 21),
 (35, 82),
 (47, 39),
 (32, 21),
 (90, 20),
 (30, 99),
 (52, 40),
 (84, 99),
 (29, 75),
 (86, 50),
 (38, 25),
 (44, 46),
 (63, 69),
 (57, 30),
 (15, 98),
 (48, 54),
 (22, 80),
 (16, 40),
 (27, 18),
 (86, 26),
 (36, 56),
 (21, 31),
 (97, 79),
 (90, 61),
 (36, 72),
 (80, 11),
 (62, 78),
 (81, 96),
 (35, 44),
 (88, 29),
 (88, 52),
 (39, 45),
 (32, 97),
 (41, 45),
 (76, 24),
 (87, 37),
 (12, 71),
 (47, 99),
 (36, 31),
 (17, 68),
 (15, 95),
 (74, 96),
 (17, 83),
 (11, 22),
 (98, 41),
 (63, 32),
 (41, 33),
 (65, 18),
 (22, 65),
 (95, 89),
 (30, 63),
 (56, 15),
 (37, 51),
 (32, 80),
 (92, 62),
 (67, 21),
 (19, 39),
 (26, 67),
 (11, 84),
 (30, 14),
 (52, 40),
 (65, 76),
 (66, 31),
 (92, 16),
 (23, 26),
 (16, 91),
 (63, 10),
 (82, 92),
 (90, 32),
 (14, 63),
 (20, 52),
 (29, 90),
 (75, 28),
 (82, 57),
 (96, 65),
 (42, 40),
 (99, 91),
 (14, 89),
 (87, 92),
 (62, 32),
 (11, 63),
 (97, 64),
 (14, 56),
 (28, 96),
 (59, 37),
 (81, 11),
 (14, 21),
 (80, 49),
 (70, 77),
 (83, 77),
 (73, 69),
 (92, 98),
 (98, 90),
 (68, 56),
 (27, 59),
 (82, 12),
 (93, 69),
 (29, 91),
 (76, 72),
 (96, 24),
 (13, 36),
 (89, 65),
 (88, 24),
 (29, 24),
 (36, 94),
 (65, 18),
 (49, 56),
 (64, 34),
 (60, 77),
 (57, 43),
 (56, 29),
 (98, 67),
 (75, 12),
 (13, 37),
 (45, 87),
 (28, 73),
 (68, 11),
 (92, 86),
 (37, 100),
 (68, 47),
 (99, 94),
 (24, 24),
 (16, 80)]