# Output file for input file "inp_1000"
# Bounding: 1529x1992
# Aspect ratio of bounding: 1529/1992 == 0.7676
# Occupacy rate: 0.9561916731674901
# Schema: [(x1, y1), (x2, y2)]
[[(665, 1274), (716, 1316)],
 [(198, 282), (279, 293)],
 [(190, 580), (284, 590)],
 [(286, 170), (377, 188)],
 [(378, 450), (477, 525)],
 [(794, 1897), (886, 1916)],
 [(1505, 0), (1516, 83)],
 [(72, 1840), (139, 1872)],
 [(1406, 0), (1426, 99)],
 [(998, 1605), (1092, 1648)],
 [(475, 1877), (517, 1914)],
 [(1085, 571), (1144, 648)],
 [(100, 590), (188, 689)],
 [(174, 1574), (235, 1642)],
 [(360, 1857), (441, 1882)],
 [(1316, 1353), (1364, 1402)],
 [(1209, 561), (1271, 620)],
 [(1202, 1851), (1297, 1873)],
 [(1247, 1343), (1316, 1378)],
 [(1514, 463), (1527, 494)],
 [(1144, 571), (1165, 645)],
 [(1448, 315), (1467, 402)],
 [(558, 333), (658, 398)],
 [(1280, 606), (1331, 674)],
 [(693, 1682), (753, 1742)],
 [(1426, 1001), (1459, 1050)],
 [(814, 573), (824, 659)],
 [(1259, 0), (1316, 62)],
 [(954, 952), (972, 1043)],
 [(1224, 1750), (1319, 1785)],
 [(1117, 310), (1165, 400)],
 [(1502, 1898), (1521, 1937)],
 [(1334, 1886), (1356, 1913)],
 [(1469, 1514), (1501, 1547)],
 [(422, 1142), (501, 1186)],
 [(298, 1817), (387, 1853)],
 [(274, 1947), (330, 1966)],
 [(366, 1347), (452, 1416)],
 [(352, 826), (427, 920)],
 [(1309, 1474), (1371, 1511)],
 [(1518, 140), (1528, 197)],
 [(548, 755), (610, 804)],
 [(1280, 741), (1334, 805)],
 [(1507, 1047), (1522, 1096)],
 [(516, 1667), (604, 1709)],
 [(457, 88), (538, 177)],
 [(988, 245), (1001, 287)],
 [(99, 293), (193, 392)],
 [(743, 1210), (789, 1273)],
 [(768, 71), (842, 144)],
 [(828, 1353), (895, 1430)],
 [(338, 1501), (348, 1528)],
 [(127, 1923), (166, 1941)],
 [(974, 703), (991, 713)],
 [(850, 1236), (941, 1267)],
 [(1286, 134), (1338, 199)],
 [(747, 1088), (796, 1112)],
 [(1053, 1696), (1076, 1739)],
 [(1464, 580), (1484, 649)],
 [(1214, 454), (1253, 464)],
 [(1438, 857), (1456, 947)],
 [(864, 1960), (896, 1985)],
 [(566, 1767), (643, 1810)],
 [(156, 1310), (221, 1402)],
 [(428, 1652), (516, 1696)],
 [(349, 1484), (437, 1539)],
 [(604, 1682), (693, 1723)],
 [(1051, 1549), (1122, 1583)],
 [(382, 1696), (472, 1736)],
 [(558, 398), (622, 429)],
 [(897, 980), (954, 1028)],
 [(789, 1210), (850, 1298)],
 [(169, 1469), (252, 1528)],
 [(1055, 405), (1116, 426)],
 [(842, 0), (897, 95)],
 [(1467, 649), (1500, 686)],
 [(720, 1274), (789, 1355)],
 [(1118, 400), (1166, 490)],
 [(466, 627), (523, 638)],
 [(1206, 1390), (1240, 1461)],
 [(1199, 1613), (1246, 1661)],
 [(213, 1154), (247, 1169)],
 [(411, 1072), (501, 1142)],
 [(326, 1102), (407, 1142)],
 [(925, 1655), (985, 1716)],
 [(363, 744), (453, 826)],
 [(1159, 962), (1203, 1056)],
 [(887, 1028), (949, 1075)],
 [(1165, 665), (1179, 701)],
 [(748, 575), (814, 659)],
 [(1409, 238), (1437, 300)],
 [(568, 1949), (585, 1978)],
 [(976, 1403), (988, 1470)],
 [(1339, 1116), (1383, 1187)],
 [(1341, 410), (1380, 492)],
 [(947, 387), (1005, 473)],
 [(898, 73), (967, 147)],
 [(539, 585), (550, 625)],
 [(349, 1447), (366, 1481)],
 [(740, 167), (814, 241)],
 [(642, 1316), (720, 1392)],
 [(1468, 443), (1502, 479)],
 [(1162, 88), (1238, 141)],
 [(842, 95), (894, 144)],
 [(1496, 1608), (1513, 1668)],
 [(844, 952), (943, 980)],
 [(822, 482), (833, 493)],
 [(1156, 1264), (1232, 1298)],
 [(380, 196), (478, 270)],
 [(1459, 97), (1485, 152)],
 [(638, 1864), (716, 1889)],
 [(550, 522), (618, 620)],
 [(0, 933), (87, 1012)],
 [(1156, 1298), (1208, 1347)],
 [(303, 1169), (322, 1206)],
 [(720, 1355), (770, 1390)],
 [(1102, 1859), (1189, 1882)],
 [(1272, 1148), (1301, 1234)],
 [(1021, 1473), (1073, 1521)],
 [(684, 774), (716, 868)],
 [(1202, 1829), (1302, 1851)],
 [(607, 0), (680, 88)],
 [(928, 1106), (974, 1168)],
 [(946, 1339), (988, 1403)],
 [(0, 1384), (92, 1447)],
 [(504, 1186), (580, 1266)],
 [(1392, 1276), (1407, 1340)],
 [(413, 1736), (470, 1746)],
 [(981, 80), (1039, 164)],
 [(1419, 1060), (1468, 1094)],
 [(1376, 740), (1428, 779)],
 [(1169, 1176), (1234, 1217)],
 [(1382, 165), (1414, 230)],
 [(704, 79), (768, 167)],
 [(1507, 83), (1523, 140)],
 [(814, 1486), (902, 1541)],
 [(641, 1829), (729, 1864)],
 [(1074, 1882), (1137, 1911)],
 [(1115, 1788), (1209, 1823)],
 [(475, 1821), (493, 1852)],
 [(466, 351), (558, 429)],
 [(429, 1606), (519, 1652)],
 [(1111, 66), (1162, 152)],
 [(902, 1486), (973, 1553)],
 [(1014, 1864), (1074, 1895)],
 [(1012, 1076), (1083, 1116)],
 [(1328, 1913), (1367, 1948)],
 [(1371, 1474), (1426, 1510)],
 [(871, 1553), (967, 1599)],
 [(725, 1746), (785, 1802)],
 [(73, 1140), (136, 1239)],
 [(1463, 152), (1480, 234)],
 [(1490, 1463), (1512, 1511)],
 [(641, 1919), (713, 1934)],
 [(664, 1044), (747, 1112)],
 [(1165, 1680), (1224, 1693)],
 [(895, 1384), (919, 1427)],
 [(696, 493), (766, 575)],
 [(967, 1966), (1011, 1983)],
 [(1238, 74), (1248, 135)],
 [(1040, 1780), (1115, 1824)],
 [(1364, 1362), (1407, 1412)],
 [(800, 1088), (838, 1164)],
 [(292, 1367), (366, 1447)],
 [(254, 1447), (349, 1501)],
 [(981, 1076), (1012, 1169)],
 [(1024, 1824), (1102, 1864)],
 [(1424, 300), (1448, 371)],
 [(1259, 62), (1277, 74)],
 [(834, 482), (914, 547)],
 [(1379, 86), (1406, 165)],
 [(282, 282), (375, 369)],
 [(1376, 1549), (1424, 1588)],
 [(974, 620), (1033, 703)],
 [(558, 1856), (638, 1881)],
 [(0, 1303), (75, 1383)],
 [(1038, 792), (1087, 888)],
 [(333, 1585), (429, 1629)],
 [(1123, 213), (1183, 284)],
 [(1456, 1222), (1498, 1252)],
 [(285, 272), (354, 282)],
 [(496, 1961), (532, 1984)],
 [(1315, 1662), (1344, 1738)],
 [(1048, 174), (1119, 239)],
 [(784, 1526), (802, 1540)],
 [(524, 1459), (622, 1511)],
 [(775, 1916), (856, 1933)],
 [(1355, 277), (1386, 376)],
 [(345, 920), (355, 939)],
 [(886, 727), (957, 799)],
 [(1349, 1594), (1381, 1663)],
 [(913, 147), (981, 221)],
 [(1103, 426), (1118, 466)],
 [(457, 1328), (546, 1395)],
 [(231, 1017), (331, 1084)],
 [(1161, 1694), (1225, 1750)],
 [(839, 1028), (887, 1089)],
 [(1426, 1293), (1453, 1350)],
 [(568, 1709), (604, 1723)],
 [(375, 272), (470, 351)],
 [(209, 1916), (285, 1935)],
 [(1514, 300), (1526, 347)],
 [(548, 717), (628, 755)],
 [(286, 0), (378, 86)],
 [(1373, 1235), (1423, 1276)],
 [(1503, 577), (1522, 625)],
 [(1448, 1788), (1486, 1804)],
 [(284, 473), (378, 558)],
 [(311, 1781), (403, 1817)],
 [(1034, 1312), (1122, 1342)],
 [(944, 541), (1007, 620)],
 [(1175, 1403), (1206, 1482)],
 [(1468, 479), (1485, 551)],
 [(550, 1881), (607, 1908)],
 [(1247, 1378), (1315, 1413)],
 [(95, 1239), (130, 1310)],
 [(1039, 0), (1086, 100)],
 [(188, 677), (270, 689)],
 [(913, 288), (943, 307)],
 [(331, 1020), (411, 1102)],
 [(0, 1505), (84, 1559)],
 [(1454, 730), (1477, 794)],
 [(1467, 686), (1500, 723)],
 [(127, 1941), (199, 1958)],
 [(221, 1318), (292, 1402)],
 [(556, 168), (640, 246)],
 [(1392, 626), (1464, 649)],
 [(797, 850), (825, 887)],
 [(1498, 1204), (1523, 1241)],
 [(858, 876), (900, 946)],
 [(1327, 1202), (1339, 1266)],
 [(607, 88), (640, 99)],
 [(1135, 1928), (1209, 1946)],
 [(198, 188), (285, 282)],
 [(532, 1961), (568, 1984)],
 [(1259, 428), (1299, 516)],
 [(1206, 1461), (1240, 1476)],
 [(1417, 1169), (1461, 1207)],
 [(188, 590), (286, 677)],
 [(1463, 794), (1494, 836)],
 [(1442, 1498), (1469, 1554)],
 [(988, 1397), (1021, 1476)],
 [(1001, 245), (1058, 330)],
 [(809, 1975), (864, 1986)],
 [(72, 1872), (128, 1905)],
 [(298, 1853), (360, 1886)],
 [(1237, 1511), (1314, 1541)],
 [(1507, 992), (1521, 1047)],
 [(231, 1653), (305, 1704)],
 [(1184, 1904), (1246, 1928)],
 [(897, 0), (967, 73)],
 [(1339, 1187), (1373, 1278)],
 [(824, 671), (917, 727)],
 [(687, 326), (757, 409)],
 [(766, 493), (834, 573)],
 [(1118, 490), (1171, 571)],
 [(1099, 1056), (1193, 1075)],
 [(1463, 1918), (1502, 1950)],
 [(1246, 1925), (1296, 1951)],
 [(756, 659), (824, 740)],
 [(1422, 521), (1449, 583)],
 [(0, 1846), (72, 1875)],
 [(690, 1584), (772, 1635)],
 [(1451, 1408), (1468, 1498)],
 [(387, 1261), (457, 1347)],
 [(1048, 100), (1111, 174)],
 [(88, 1624), (167, 1674)],
 [(1134, 702), (1180, 794)],
 [(0, 199), (98, 296)],
 [(622, 496), (696, 520)],
 [(0, 1949), (97, 1961)],
 [(287, 369), (370, 464)],
 [(501, 1072), (571, 1113)],
 [(1073, 703), (1129, 785)],
 [(1029, 0), (1039, 65)],
 [(1302, 1828), (1393, 1852)],
 [(618, 522), (696, 604)],
 [(310, 1977), (337, 1990)],
 [(1387, 1060), (1419, 1120)],
 [(772, 1451), (826, 1471)],
 [(622, 1474), (720, 1525)],
 [(99, 100), (194, 199)],
 [(1484, 1314), (1505, 1365)],
 [(1073, 1437), (1095, 1519)],
 [(716, 774), (755, 851)],
 [(275, 769), (352, 864)],
 [(683, 694), (756, 774)],
 [(354, 272), (373, 282)],
 [(1349, 1511), (1376, 1594)],
 [(972, 875), (1038, 950)],
 [(572, 1044), (664, 1113)],
 [(643, 1785), (718, 1829)],
 [(1232, 769), (1280, 845)],
 [(1376, 865), (1394, 901)],
 [(0, 1012), (80, 1095)],
 [(554, 1266), (579, 1312)],
 [(0, 1181), (64, 1238)],
 [(1214, 370), (1258, 454)],
 [(1209, 74), (1237, 88)],
 [(783, 309), (828, 321)],
 [(1503, 1708), (1525, 1739)],
 [(0, 392), (100, 485)],
 [(1358, 1852), (1421, 1884)],
 [(370, 369), (466, 450)],
 [(1000, 1206), (1027, 1221)],
 [(970, 1951), (1040, 1966)],
 [(475, 1852), (558, 1877)],
 [(1051, 1583), (1091, 1600)],
 [(838, 1138), (874, 1162)],
 [(1310, 586), (1331, 599)],
 [(1388, 1660), (1410, 1745)],
 [(1273, 1572), (1299, 1659)],
 [(1477, 879), (1489, 977)],
 [(1447, 1741), (1495, 1762)],
 [(446, 1475), (518, 1542)],
 [(1419, 819), (1463, 857)],
 [(1146, 1347), (1190, 1403)],
 [(1213, 544), (1266, 560)],
 [(743, 1112), (800, 1210)],
 [(1504, 431), (1514, 528)],
 [(814, 207), (860, 241)],
 [(1484, 381), (1504, 443)],
 [(1297, 1852), (1358, 1886)],
 [(664, 1889), (714, 1919)],
 [(780, 1949), (809, 1979)],
 [(1124, 1473), (1159, 1541)],
 [(363, 650), (446, 744)],
 [(1305, 1297), (1327, 1342)],
 [(1489, 879), (1501, 977)],
 [(235, 1574), (252, 1606)],
 [(387, 1821), (475, 1857)],
 [(1259, 516), (1269, 544)],
 [(772, 1592), (840, 1653)],
 [(98, 492), (190, 590)],
 [(470, 270), (558, 351)],
 [(1440, 947), (1456, 999)],
 [(1501, 825), (1514, 902)],
 [(1501, 1511), (1522, 1544)],
 [(1301, 1116), (1339, 1202)],
 [(850, 1267), (940, 1298)],
 [(739, 1934), (828, 1949)],
 [(1061, 1148), (1097, 1225)],
 [(665, 1245), (681, 1274)],
 [(371, 558), (466, 638)],
 [(1034, 1342), (1070, 1415)],
 [(1477, 723), (1505, 766)],
 [(580, 1245), (665, 1316)],
 [(1511, 221), (1522, 300)],
 [(587, 1113), (682, 1179)],
 [(1363, 1963), (1426, 1973)],
 [(1234, 1166), (1272, 1215)],
 [(1410, 1680), (1449, 1724)],
 [(1299, 1572), (1349, 1617)],
 [(326, 1142), (422, 1207)],
 [(1162, 0), (1209, 88)],
 [(827, 1704), (917, 1743)],
 [(1252, 278), (1296, 360)],
 [(1500, 636), (1514, 708)],
 [(178, 783), (271, 861)],
 [(663, 881), (714, 940)],
 [(1485, 94), (1507, 150)],
 [(680, 0), (754, 79)],
 [(640, 187), (740, 244)],
 [(1448, 649), (1467, 730)],
 [(1426, 0), (1444, 95)],
 [(714, 1910), (775, 1934)],
 [(303, 1207), (387, 1280)],
 [(1484, 577), (1503, 636)],
 [(1011, 1521), (1098, 1549)],
 [(557, 670), (618, 713)],
 [(1097, 1397), (1140, 1455)],
 [(1005, 426), (1103, 473)],
 [(92, 1402), (169, 1476)],
 [(1296, 281), (1355, 337)],
 [(716, 851), (797, 888)],
 [(1449, 402), (1468, 489)],
 [(550, 429), (622, 522)],
 [(1033, 612), (1085, 703)],
 [(976, 1476), (1011, 1547)],
 [(1469, 297), (1481, 314)],
 [(1417, 373), (1436, 465)],
 [(1208, 1318), (1305, 1343)],
 [(1369, 561), (1392, 657)],
 [(1255, 1071), (1301, 1148)],
 [(787, 888), (858, 930)],
 [(1508, 1123), (1526, 1155)],
 [(603, 1572), (690, 1621)],
 [(1410, 1588), (1430, 1680)],
 [(1097, 1176), (1124, 1276)],
 [(1150, 1075), (1203, 1108)],
 [(1203, 1035), (1255, 1108)],
 [(0, 1239), (95, 1303)],
 [(1507, 1096), (1529, 1123)],
 [(1460, 1352), (1484, 1407)],
 [(1180, 665), (1221, 764)],
 [(989, 1748), (1040, 1813)],
 [(1317, 1975), (1383, 1985)],
 [(214, 1895), (299, 1916)],
 [(953, 1813), (1024, 1858)],
 [(376, 1960), (418, 1980)],
 [(158, 867), (178, 946)],
 [(1480, 1139), (1492, 1218)],
 [(554, 1316), (642, 1384)],
 [(1241, 845), (1286, 926)],
 [(1500, 1668), (1521, 1708)],
 [(519, 1621), (606, 1667)],
 [(896, 1974), (960, 1986)],
 [(193, 473), (283, 492)],
 [(1394, 553), (1422, 626)],
 [(1258, 360), (1310, 428)],
 [(1086, 0), (1153, 66)],
 [(1376, 1510), (1426, 1549)],
 [(260, 1966), (339, 1977)],
 [(892, 387), (947, 480)],
 [(1124, 1176), (1169, 1236)],
 [(1310, 410), (1337, 427)],
 [(996, 473), (1069, 538)],
 [(1299, 871), (1335, 964)],
 [(1087, 785), (1134, 879)],
 [(684, 868), (716, 881)],
 [(538, 99), (633, 168)],
 [(828, 1943), (900, 1960)],
 [(696, 575), (747, 602)],
 [(1381, 657), (1428, 700)],
 [(1327, 1278), (1359, 1353)],
 [(1301, 1057), (1357, 1116)],
 [(1281, 1413), (1309, 1497)],
 [(1505, 708), (1522, 760)],
 [(1461, 1594), (1496, 1631)],
 [(1461, 1151), (1480, 1222)],
 [(382, 1669), (428, 1693)],
 [(1296, 1925), (1327, 1959)],
 [(0, 1559), (89, 1608)],
 [(422, 1186), (504, 1261)],
 [(0, 1095), (73, 1181)],
 [(1453, 1293), (1478, 1352)],
 [(1080, 1694), (1161, 1739)],
 [(98, 199), (198, 293)],
 [(1421, 1846), (1467, 1878)],
 [(93, 689), (184, 783)],
 [(139, 1862), (225, 1886)],
 [(286, 558), (371, 650)],
 [(477, 526), (529, 585)],
 [(136, 1140), (161, 1151)],
 [(1165, 284), (1209, 378)],
 [(825, 876), (857, 887)],
 [(1122, 1578), (1156, 1647)],
 [(1310, 337), (1355, 410)],
 [(1394, 471), (1419, 553)],
 [(1430, 1633), (1449, 1675)],
 [(77, 1674), (167, 1715)],
 [(1189, 141), (1249, 204)],
 [(981, 1024), (1037, 1076)],
 [(1310, 508), (1352, 586)],
 [(169, 1402), (254, 1469)],
 [(587, 1179), (681, 1245)],
 [(1190, 1347), (1247, 1390)],
 [(1134, 794), (1190, 869)],
 [(1379, 0), (1404, 86)],
 [(1367, 1946), (1434, 1963)],
 [(1335, 902), (1392, 956)],
 [(1241, 1471), (1280, 1510)],
 [(366, 1416), (446, 1484)],
 [(162, 1041), (231, 1084)],
 [(1225, 1661), (1258, 1729)],
 [(1289, 1785), (1365, 1828)],
 [(1492, 0), (1505, 93)],
 [(1012, 1116), (1100, 1148)],
 [(1352, 561), (1368, 582)],
 [(1319, 1738), (1365, 1777)],
 [(1271, 516), (1310, 606)],
 [(940, 1267), (1039, 1295)],
 [(747, 1056), (839, 1088)],
 [(0, 1608), (88, 1654)],
 [(1080, 1648), (1165, 1694)],
 [(1195, 859), (1241, 943)],
 [(1480, 152), (1494, 245)],
 [(687, 409), (756, 493)],
 [(716, 1864), (799, 1887)],
 [(840, 1599), (916, 1653)],
 [(1419, 465), (1449, 521)],
 [(1494, 150), (1507, 242)],
 [(1464, 1674), (1500, 1709)],
 [(1380, 410), (1414, 471)],
 [(1249, 172), (1284, 201)],
 [(825, 727), (886, 812)],
 [(155, 1528), (252, 1574)],
 [(375, 351), (457, 369)],
 [(1367, 1913), (1416, 1940)],
 [(1246, 1626), (1271, 1661)],
 [(1478, 1055), (1492, 1139)],
 [(1086, 66), (1108, 99)],
 [(0, 1903), (72, 1925)],
 [(706, 970), (753, 1033)],
 [(1170, 1979), (1220, 1991)],
 [(1040, 1951), (1068, 1982)],
 [(1424, 1408), (1451, 1465)],
 [(97, 1958), (161, 1973)],
 [(658, 326), (687, 392)],
 [(906, 799), (973, 875)],
 [(600, 804), (674, 845)],
 [(1477, 977), (1503, 1019)],
 [(1211, 1108), (1253, 1166)],
 [(861, 207), (913, 307)],
 [(494, 1780), (512, 1809)],
 [(1299, 428), (1341, 508)],
 [(0, 579), (91, 590)],
 [(1448, 236), (1469, 315)],
 [(907, 1138), (928, 1166)],
 [(913, 221), (988, 288)],
 [(1249, 74), (1286, 172)],
 [(891, 1743), (917, 1769)],
 [(546, 1384), (623, 1459)],
 [(1464, 1631), (1494, 1674)],
 [(1501, 902), (1523, 942)],
 [(166, 1907), (209, 1941)],
 [(1089, 1276), (1120, 1312)],
 [(714, 888), (787, 929)],
 [(1068, 1962), (1098, 1988)],
 [(585, 1948), (685, 1960)],
 [(525, 808), (600, 898)],
 [(0, 100), (99, 199)],
 [(1246, 1541), (1273, 1626)],
 [(1037, 1036), (1099, 1076)],
 [(785, 1832), (860, 1864)],
 [(849, 1655), (925, 1704)],
 [(1358, 1884), (1420, 1913)],
 [(1331, 586), (1369, 672)],
 [(550, 1908), (585, 1949)],
 [(1492, 1055), (1507, 1132)],
 [(1159, 1511), (1237, 1541)],
 [(886, 307), (950, 387)],
 [(914, 480), (996, 541)],
 [(1315, 1402), (1364, 1413)],
 [(568, 1978), (599, 1991)],
 [(283, 1862), (296, 1892)],
 [(1407, 1276), (1426, 1376)],
 [(1464, 1709), (1503, 1741)],
 [(1449, 489), (1467, 580)],
 [(1437, 95), (1459, 172)],
 [(0, 679), (93, 771)],
 [(339, 1960), (376, 1983)],
 [(917, 1716), (978, 1772)],
 [(844, 930), (858, 944)],
 [(1357, 1010), (1387, 1095)],
 [(1083, 1076), (1150, 1113)],
 [(753, 1698), (827, 1746)],
 [(895, 1330), (946, 1384)],
 [(194, 98), (286, 188)],
 [(1162, 141), (1184, 151)],
 [(1166, 378), (1214, 464)],
 [(1392, 1412), (1424, 1471)],
 [(1514, 435), (1529, 463)],
 [(1478, 1252), (1496, 1314)],
 [(1038, 965), (1104, 1036)],
 [(1364, 1278), (1392, 1362)],
 [(916, 1605), (998, 1655)],
 [(606, 1621), (682, 1673)],
 [(682, 1635), (766, 1682)],
 [(1124, 1541), (1188, 1578)],
 [(936, 1926), (1000, 1947)],
 [(1344, 1663), (1381, 1722)],
 [(1376, 779), (1426, 819)],
 [(380, 0), (457, 100)],
 [(1393, 1795), (1429, 1846)],
 [(378, 525), (477, 556)],
 [(1171, 464), (1213, 561)],
 [(136, 1238), (221, 1310)],
 [(878, 547), (944, 625)],
 [(1459, 1029), (1507, 1055)],
 [(860, 1848), (952, 1871)],
 [(0, 590), (100, 679)],
 [(640, 88), (704, 187)],
 [(1501, 528), (1528, 549)],
 [(1426, 1256), (1469, 1293)],
 [(216, 1833), (298, 1862)],
 [(89, 1574), (174, 1624)],
 [(524, 1395), (543, 1455)],
 [(754, 0), (831, 71)],
 [(519, 1606), (594, 1621)],
 [(607, 1889), (664, 1916)],
 [(444, 1857), (475, 1908)],
 [(87, 965), (156, 1063)],
 [(466, 556), (477, 583)],
 [(469, 1949), (564, 1961)],
 [(828, 1430), (920, 1486)],
 [(523, 717), (548, 730)],
 [(1463, 0), (1478, 97)],
 [(478, 177), (556, 268)],
 [(683, 604), (748, 694)],
 [(380, 100), (457, 196)],
 [(585, 1960), (616, 1974)],
 [(887, 1075), (981, 1106)],
 [(952, 1858), (1014, 1889)],
 [(729, 1802), (785, 1857)],
 [(828, 400), (892, 482)],
 [(1365, 1722), (1388, 1816)],
 [(702, 1392), (772, 1474)],
 [(1429, 1788), (1448, 1841)],
 [(1159, 1482), (1241, 1511)],
 [(946, 1403), (976, 1486)],
 [(1442, 1554), (1461, 1633)],
 [(458, 1961), (496, 1983)],
 [(827, 1743), (891, 1796)],
 [(0, 1972), (77, 1983)],
 [(1429, 735), (1454, 800)],
 [(235, 1609), (328, 1653)],
 [(1436, 371), (1447, 462)],
 [(1021, 1415), (1065, 1473)],
 [(413, 1746), (513, 1780)],
 [(72, 1923), (127, 1949)],
 [(472, 1709), (568, 1746)],
 [(0, 1801), (72, 1846)],
 [(809, 1960), (864, 1975)],
 [(360, 1882), (444, 1904)],
 [(1469, 1871), (1505, 1898)],
 [(457, 0), (539, 88)],
 [(161, 1958), (192, 1986)],
 [(1209, 0), (1259, 74)],
 [(355, 920), (423, 1020)],
 [(1406, 99), (1435, 161)],
 [(1484, 1365), (1512, 1402)],
 [(1407, 1376), (1460, 1408)],
 [(1504, 331), (1514, 431)],
 [(967, 0), (1029, 80)],
 [(1478, 0), (1492, 94)],
 [(1301, 964), (1337, 1057)],
 [(957, 713), (1020, 792)],
 [(88, 1476), (155, 1548)],
 [(707, 1526), (784, 1584)],
 [(1452, 1094), (1478, 1151)],
 [(1426, 1465), (1442, 1560)],
 [(1309, 1441), (1379, 1474)],
 [(568, 1723), (646, 1767)],
 [(1426, 800), (1459, 817)],
 [(685, 1949), (780, 1961)],
 [(453, 808), (525, 906)],
 [(0, 1925), (59, 1948)],
 [(285, 1916), (331, 1947)],
 [(783, 241), (861, 309)],
 [(610, 940), (667, 975)],
 [(1448, 1804), (1498, 1824)],
 [(352, 769), (363, 824)],
 [(831, 0), (841, 69)],
 [(967, 80), (981, 147)],
 [(1228, 1951), (1286, 1969)],
 [(190, 492), (284, 580)],
 [(988, 164), (1048, 245)],
 [(951, 1169), (1027, 1206)],
 [(1188, 1541), (1246, 1581)],
 [(155, 1802), (216, 1853)],
 [(1058, 310), (1116, 330)],
 [(917, 713), (957, 726)],
 [(0, 1750), (70, 1798)],
 [(876, 1806), (953, 1848)],
 [(784, 1541), (871, 1592)],
 [(1097, 1345), (1146, 1397)],
 [(1232, 682), (1274, 769)],
 [(900, 1947), (970, 1963)],
 [(411, 1020), (423, 1069)],
 [(756, 740), (825, 819)],
 [(1505, 1314), (1528, 1343)],
 [(423, 978), (500, 1066)],
 [(886, 1911), (985, 1926)],
 [(1337, 1010), (1357, 1054)],
 [(755, 819), (825, 850)],
 [(1258, 1701), (1306, 1746)],
 [(1456, 857), (1472, 949)],
 [(472, 1696), (513, 1709)],
 [(1286, 805), (1337, 871)],
 [(1115, 1823), (1202, 1859)],
 [(1058, 239), (1123, 310)],
 [(967, 1553), (1051, 1605)],
 [(571, 1810), (641, 1856)],
 [(1000, 1230), (1097, 1258)],
 [(285, 188), (380, 272)],
 [(1507, 140), (1518, 221)],
 [(1170, 1969), (1237, 1979)],
 [(1124, 1236), (1218, 1264)],
 [(70, 1758), (148, 1801)],
 [(622, 398), (687, 496)],
 [(213, 1169), (303, 1238)],
 [(457, 1266), (554, 1328)],
 [(1221, 620), (1280, 682)],
 [(193, 293), (282, 386)],
 [(1386, 230), (1409, 320)],
 [(0, 1703), (75, 1750)],
 [(446, 638), (523, 732)],
 [(1316, 0), (1375, 55)],
 [(305, 1669), (382, 1717)],
 [(1516, 0), (1526, 60)],
 [(1286, 1959), (1317, 1986)],
 [(413, 1780), (494, 1821)],
 [(427, 906), (523, 978)],
 [(1495, 1741), (1511, 1804)],
 [(757, 323), (828, 400)],
 [(1104, 879), (1150, 975)],
 [(1469, 245), (1494, 297)],
 [(1255, 993), (1301, 1071)],
 [(906, 875), (972, 952)],
 [(1137, 1882), (1184, 1918)],
 [(408, 1940), (469, 1959)],
 [(1429, 649), (1448, 735)],
 [(618, 604), (683, 702)],
 [(1383, 1973), (1445, 1983)],
 [(558, 246), (633, 333)],
 [(0, 1654), (77, 1703)],
 [(1071, 473), (1118, 571)],
 [(72, 1907), (166, 1923)],
 [(714, 929), (787, 970)],
 [(1449, 1633), (1464, 1733)],
 [(1333, 672), (1381, 740)],
 [(100, 392), (193, 492)],
 [(435, 1542), (510, 1600)],
 [(1468, 1407), (1510, 1435)],
 [(646, 1723), (686, 1742)],
 [(1092, 1583), (1122, 1643)],
 [(1437, 172), (1463, 236)],
 [(286, 650), (361, 674)],
 [(513, 1746), (566, 1809)],
 [(1381, 700), (1429, 738)],
 [(1240, 204), (1289, 278)],
 [(681, 1179), (743, 1274)],
 [(1014, 1895), (1074, 1920)],
 [(667, 1016), (706, 1043)],
 [(225, 1862), (283, 1895)],
 [(428, 1908), (473, 1940)],
 [(1085, 648), (1165, 702)],
 [(1373, 1187), (1417, 1235)],
 [(517, 1877), (550, 1924)],
 [(360, 1904), (428, 1926)],
 [(1434, 1950), (1504, 1965)],
 [(427, 826), (451, 904)],
 [(501, 1113), (587, 1186)],
 [(155, 1476), (168, 1526)],
 [(1508, 1155), (1526, 1186)],
 [(494, 1810), (571, 1852)],
 [(75, 1310), (156, 1384)],
 [(1459, 949), (1477, 1029)],
 [(89, 1548), (150, 1573)],
 [(136, 1154), (213, 1235)],
 [(1467, 553), (1514, 577)],
 [(920, 1384), (946, 1482)],
 [(1296, 337), (1310, 360)],
 [(898, 147), (913, 203)],
 [(950, 288), (1001, 386)],
 [(1477, 766), (1493, 794)],
 [(934, 1889), (1014, 1911)],
 [(1484, 297), (1499, 381)],
 [(1422, 583), (1462, 623)],
 [(156, 1748), (218, 1802)],
 [(1245, 926), (1299, 993)],
 [(973, 792), (1038, 867)],
 [(856, 1926), (936, 1943)],
 [(500, 978), (572, 1072)],
 [(1100, 1113), (1149, 1148)],
 [(1074, 1911), (1135, 1935)],
 [(1387, 1010), (1426, 1060)],
 [(1081, 1935), (1132, 1945)],
 [(557, 620), (618, 670)],
 [(1123, 284), (1162, 307)],
 [(178, 861), (259, 947)],
 [(1425, 1771), (1485, 1788)],
 [(162, 1084), (252, 1154)],
 [(951, 1206), (1000, 1263)],
 [(184, 689), (275, 783)],
 [(1472, 836), (1500, 879)],
 [(523, 627), (557, 717)],
 [(772, 1355), (828, 1451)],
 [(1274, 682), (1333, 741)],
 [(1248, 1873), (1294, 1886)],
 [(1104, 975), (1159, 1055)],
 [(1425, 1724), (1447, 1771)],
 [(199, 1954), (260, 1970)],
 [(1314, 1511), (1348, 1538)],
 [(0, 485), (98, 579)],
 [(1357, 1095), (1385, 1111)],
 [(1468, 1435), (1510, 1463)],
 [(886, 1895), (933, 1910)],
 [(252, 1501), (338, 1556)],
 [(1504, 1937), (1523, 1976)],
 [(331, 1926), (408, 1944)],
 [(75, 1715), (156, 1758)],
 [(338, 1539), (435, 1585)],
 [(1232, 1264), (1278, 1318)],
 [(1309, 1413), (1392, 1441)],
 [(193, 386), (287, 473)],
 [(1337, 207), (1382, 277)],
 [(1070, 1342), (1097, 1437)],
 [(1414, 865), (1438, 937)],
 [(1514, 494), (1528, 522)],
 [(1055, 330), (1117, 405)],
 [(1169, 1217), (1211, 1235)],
 [(988, 1339), (1034, 1397)],
 [(80, 1063), (162, 1140)],
 [(259, 864), (345, 945)],
 [(328, 1629), (428, 1669)],
 [(297, 1280), (366, 1367)],
 [(77, 1973), (154, 1984)],
 [(1286, 62), (1334, 134)],
 [(1029, 65), (1039, 77)],
 [(286, 86), (380, 170)],
 [(0, 1961), (81, 1972)],
 [(1394, 962), (1440, 1001)],
 [(1469, 1463), (1490, 1514)],
 [(231, 947), (259, 1010)],
 [(0, 852), (87, 933)],
 [(1005, 330), (1055, 426)],
 [(473, 1924), (530, 1949)],
 [(1213, 464), (1259, 544)],
 [(1183, 213), (1240, 284)],
 [(337, 1717), (380, 1736)],
 [(1278, 1234), (1301, 1317)],
 [(477, 429), (550, 526)],
 [(244, 1977), (310, 1988)],
 [(418, 1959), (458, 1980)],
 [(896, 1963), (967, 1974)],
 [(785, 1746), (822, 1796)],
 [(824, 573), (878, 671)],
 [(1071, 571), (1084, 610)],
 [(1337, 740), (1376, 821)],
 [(1098, 1962), (1142, 1979)],
 [(704, 167), (738, 184)],
 [(1516, 60), (1529, 82)],
 [(611, 1525), (707, 1572)],
 [(682, 1112), (740, 1179)],
 [(366, 1280), (386, 1345)],
 [(1467, 315), (1484, 397)],
 [(1337, 956), (1394, 1010)],
 [(800, 1164), (878, 1201)],
 [(789, 1298), (885, 1353)],
 [(838, 1106), (928, 1138)],
 [(192, 1970), (244, 1986)],
 [(616, 1960), (632, 1986)],
 [(712, 244), (783, 323)],
 [(985, 1696), (1053, 1748)],
 [(1437, 236), (1447, 288)],
 [(1352, 492), (1394, 561)],
 [(331, 1944), (407, 1960)],
 [(1258, 1662), (1315, 1701)],
 [(753, 970), (782, 981)],
 [(371, 638), (443, 649)],
 [(457, 177), (476, 194)],
 [(1240, 1413), (1281, 1471)],
 [(158, 947), (231, 1041)],
 [(209, 1935), (274, 1954)],
 [(1505, 1863), (1527, 1893)],
 [(787, 930), (844, 982)],
 [(1190, 764), (1232, 859)],
 [(87, 867), (158, 965)],
 [(1053, 1739), (1136, 1780)],
 [(856, 1871), (934, 1895)],
 [(1150, 869), (1195, 962)],
 [(917, 625), (974, 713)],
 [(1097, 1148), (1196, 1176)],
 [(1417, 1120), (1452, 1169)],
 [(1420, 1884), (1469, 1918)],
 [(1414, 161), (1437, 238)],
 [(1155, 1946), (1228, 1962)],
 [(252, 1556), (333, 1609)],
 [(753, 982), (833, 1019)],
 [(1011, 1982), (1068, 1992)],
 [(610, 755), (672, 804)],
 [(1007, 538), (1071, 612)],
 [(1386, 320), (1424, 373)],
 [(275, 677), (363, 769)],
 [(1296, 199), (1337, 281)],
 [(628, 702), (678, 753)],
 [(949, 1043), (979, 1073)],
 [(1156, 1581), (1228, 1613)],
 [(305, 1653), (326, 1666)],
 [(248, 1704), (300, 1717)],
 [(221, 1238), (297, 1318)],
 [(814, 144), (898, 207)],
 [(1494, 766), (1513, 825)],
 [(1218, 1217), (1272, 1264)],
 [(0, 0), (100, 100)],
 [(91, 783), (178, 867)],
 [(1299, 1617), (1349, 1662)],
 [(453, 732), (548, 808)],
 [(1142, 1962), (1170, 1988)],
 [(1496, 1547), (1513, 1608)],
 [(833, 982), (897, 1028)],
 [(337, 1736), (413, 1781)],
 [(825, 812), (906, 876)],
 [(907, 1168), (951, 1232)],
 [(1039, 1258), (1089, 1312)],
 [(387, 1207), (420, 1260)],
 [(1337, 821), (1376, 902)],
 [(1518, 197), (1529, 219)],
 [(1273, 1541), (1346, 1572)],
 [(167, 1642), (231, 1702)],
 [(1514, 347), (1524, 399)],
 [(572, 976), (667, 1044)],
 [(167, 1704), (248, 1748)],
 [(1461, 1554), (1494, 1594)],
 [(998, 1648), (1080, 1696)],
 [(972, 1295), (1034, 1339)],
 [(1038, 888), (1099, 965)],
 [(1246, 1907), (1328, 1925)],
 [(891, 1772), (989, 1806)],
 [(1423, 1207), (1456, 1256)],
 [(1165, 1613), (1199, 1680)],
 [(1499, 242), (1511, 331)],
 [(1514, 625), (1526, 657)],
 [(641, 1934), (739, 1948)],
 [(785, 1796), (876, 1832)],
 [(633, 246), (712, 326)],
 [(878, 625), (916, 671)],
 [(539, 0), (607, 99)],
 [(72, 1801), (155, 1840)],
 [(1467, 1824), (1488, 1871)],
 [(452, 1395), (524, 1475)],
 [(1394, 865), (1414, 962)],
 [(1419, 1094), (1451, 1120)],
 [(716, 1887), (794, 1910)],
 [(838, 1089), (886, 1106)],
 [(128, 1886), (214, 1907)],
 [(1081, 1946), (1155, 1962)],
 [(1150, 1108), (1211, 1148)],
 [(299, 1886), (360, 1915)],
 [(834, 547), (871, 572)],
 [(1376, 819), (1419, 865)],
 [(720, 1474), (814, 1526)],
 [(1248, 1886), (1334, 1907)],
 [(510, 1560), (603, 1606)],
 [(1492, 1132), (1508, 1204)],
 [(248, 1717), (337, 1756)],
 [(518, 1511), (611, 1560)],
 [(1189, 1873), (1248, 1904)],
 [(252, 1084), (326, 1169)],
 [(1203, 943), (1245, 1035)],
 [(672, 753), (683, 796)],
 [(828, 309), (886, 400)],
 [(1209, 620), (1220, 663)],
 [(1098, 1455), (1124, 1547)],
 [(1136, 1750), (1224, 1788)],
 [(850, 1201), (877, 1234)],
 [(753, 1019), (833, 1056)],
 [(0, 771), (91, 852)],
 [(972, 950), (1038, 1024)],
 [(1485, 479), (1501, 553)],
 [(1381, 1588), (1407, 1660)],
 [(1237, 1969), (1281, 1984)],
 [(1000, 1935), (1081, 1951)],
 [(766, 1653), (849, 1698)],
 [(1445, 1976), (1507, 1986)],
 [(1209, 284), (1252, 370)],
 [(768, 144), (810, 166)],
 [(1327, 1948), (1363, 1975)],
 [(1165, 571), (1209, 665)],
 [(600, 845), (684, 881)],
 [(667, 940), (706, 1016)],
 [(1444, 0), (1463, 88)],
 [(1124, 1264), (1156, 1345)],
 [(1355, 376), (1417, 410)],
 [(376, 1980), (424, 1992)],
 [(610, 881), (663, 938)],
 [(1209, 1788), (1289, 1829)],
 [(1503, 942), (1519, 992)],
 [(585, 1916), (641, 1941)],
 [(646, 1742), (725, 1785)],
 [(1140, 1403), (1175, 1473)],
 [(1027, 1148), (1061, 1230)],
 [(1514, 399), (1527, 435)],
 [(1119, 152), (1189, 213)],
 [(799, 1864), (856, 1897)],
 [(529, 526), (549, 585)],
 [(525, 898), (610, 976)],
 [(885, 1298), (972, 1330)],
 [(1409, 300), (1421, 319)],
 [(1498, 1804), (1514, 1863)],
 [(218, 1792), (298, 1833)],
 [(1388, 1745), (1425, 1795)],
 [(1020, 703), (1073, 792)],
 [(1334, 55), (1379, 127)],
 [(1513, 760), (1525, 816)],
 [(1338, 127), (1378, 207)],
 [(259, 945), (355, 1017)],
 [(1286, 871), (1298, 903)],
 [(311, 1756), (329, 1777)],
 [(100, 0), (195, 98)],
 [(1496, 1252), (1513, 1314)],
 [(0, 1875), (66, 1903)],
 [(466, 585), (539, 627)],
 [(195, 0), (286, 91)],
 [(1383, 1120), (1417, 1176)],
 [(623, 1392), (702, 1465)],
 [(218, 1756), (311, 1792)],
 [(92, 1384), (156, 1402)],
 [(1301, 1202), (1327, 1297)],
 [(0, 296), (99, 392)],
 [(878, 1138), (907, 1236)],
 [(756, 409), (822, 493)],
 [(466, 429), (477, 450)],
 [(0, 1447), (88, 1505)],
 [(1416, 1918), (1463, 1946)],
 [(674, 796), (684, 841)],
 [(1468, 397), (1482, 432)],
 [(254, 1402), (292, 1445)]]