# Output file for input file "inp_50"
# Bounding: 419x436
# Aspect ratio of bounding: 419/436 == 0.9610
# Occupacy rate: 0.8913533752271682
# Schema: [(x1, y1), (x2, y2)]
[[(391, 84), (417, 133)],
 [(349, 264), (381, 360)],
 [(187, 92), (259, 187)],
 [(65, 370), (121, 407)],
 [(321, 91), (353, 174)],
 [(0, 413), (71, 427)],
 [(344, 0), (393, 44)],
 [(0, 309), (90, 353)],
 [(151, 338), (237, 381)],
 [(187, 0), (263, 92)],
 [(318, 418), (374, 434)],
 [(393, 0), (419, 41)],
 [(121, 381), (211, 404)],
 [(263, 418), (318, 436)],
 [(251, 187), (319, 267)],
 [(353, 91), (391, 155)],
 [(178, 256), (235, 329)],
 [(79, 239), (93, 254)],
 [(319, 182), (363, 264)],
 [(79, 265), (178, 309)],
 [(381, 213), (406, 294)],
 [(121, 406), (217, 422)],
 [(99, 169), (165, 265)],
 [(211, 381), (290, 406)],
 [(65, 353), (90, 369)],
 [(292, 267), (349, 337)],
 [(217, 406), (263, 433)],
 [(71, 422), (143, 433)],
 [(263, 0), (344, 57)],
 [(290, 399), (372, 418)],
 [(0, 172), (96, 239)],
 [(381, 294), (399, 393)],
 [(0, 239), (79, 295)],
 [(259, 92), (321, 182)],
 [(0, 353), (65, 387)],
 [(363, 155), (400, 213)],
 [(263, 57), (358, 91)],
 [(0, 295), (73, 309)],
 [(358, 44), (398, 84)],
 [(175, 0), (185, 59)],
 [(165, 187), (251, 256)],
 [(0, 0), (86, 93)],
 [(99, 88), (187, 169)],
 [(0, 93), (99, 172)],
 [(308, 360), (363, 399)],
 [(86, 0), (175, 88)],
 [(90, 309), (151, 370)],
 [(0, 387), (58, 413)],
 [(235, 267), (292, 338)],
 [(237, 338), (308, 370)]]