# Output file for input file "inp_200"
# Bounding: 829x813
# Aspect ratio of bounding: 829/813 == 1.0197
# Occupacy rate: 0.9391863520565242
# Schema: [(x1, y1), (x2, y2)]
[[(647, 207), (687, 295)],
 [(380, 474), (461, 539)],
 [(779, 603), (801, 665)],
 [(722, 562), (766, 604)],
 [(753, 396), (779, 463)],
 [(148, 354), (206, 454)],
 [(438, 710), (521, 742)],
 [(471, 401), (502, 419)],
 [(333, 787), (381, 806)],
 [(354, 176), (372, 188)],
 [(95, 539), (181, 592)],
 [(685, 791), (720, 812)],
 [(653, 61), (665, 95)],
 [(163, 748), (231, 782)],
 [(721, 763), (800, 781)],
 [(231, 753), (300, 783)],
 [(0, 360), (65, 448)],
 [(59, 497), (140, 536)],
 [(471, 653), (530, 710)],
 [(0, 448), (59, 537)],
 [(181, 539), (230, 629)],
 [(720, 315), (745, 412)],
 [(730, 720), (768, 763)],
 [(634, 383), (678, 464)],
 [(592, 480), (663, 537)],
 [(635, 791), (685, 809)],
 [(395, 401), (471, 474)],
 [(547, 569), (606, 640)],
 [(289, 669), (379, 706)],
 [(606, 537), (676, 592)],
 [(495, 569), (547, 653)],
 [(376, 0), (457, 96)],
 [(65, 432), (148, 497)],
 [(613, 383), (633, 416)],
 [(788, 665), (805, 741)],
 [(799, 337), (814, 406)],
 [(180, 189), (191, 276)],
 [(674, 295), (717, 372)],
 [(505, 324), (566, 423)],
 [(799, 406), (822, 425)],
 [(712, 78), (743, 159)],
 [(341, 282), (421, 363)],
 [(678, 372), (720, 450)],
 [(647, 295), (669, 321)],
 [(534, 0), (601, 77)],
 [(788, 239), (814, 289)],
 [(181, 629), (223, 639)],
 [(336, 363), (395, 458)],
 [(466, 742), (514, 787)],
 [(0, 537), (95, 588)],
 [(802, 210), (825, 234)],
 [(163, 727), (217, 748)],
 [(0, 0), (96, 100)],
 [(245, 279), (341, 347)],
 [(0, 787), (49, 807)],
 [(74, 592), (161, 642)],
 [(765, 463), (802, 504)],
 [(514, 764), (588, 788)],
 [(748, 604), (779, 657)],
 [(717, 224), (744, 315)],
 [(521, 249), (592, 324)],
 [(802, 96), (822, 156)],
 [(780, 62), (798, 143)],
 [(0, 647), (91, 688)],
 [(779, 361), (799, 431)],
 [(730, 604), (748, 699)],
 [(802, 156), (824, 210)],
 [(788, 143), (802, 239)],
 [(0, 588), (74, 647)],
 [(0, 263), (71, 360)],
 [(429, 190), (457, 244)],
 [(769, 504), (799, 551)],
 [(745, 299), (766, 396)],
 [(687, 190), (717, 283)],
 [(609, 149), (675, 207)],
 [(193, 95), (281, 185)],
 [(0, 722), (95, 750)],
 [(300, 766), (388, 787)],
 [(471, 625), (489, 650)],
 [(799, 510), (827, 538)],
 [(192, 0), (279, 95)],
 [(236, 640), (289, 706)],
 [(648, 763), (721, 791)],
 [(421, 324), (505, 401)],
 [(161, 640), (236, 690)],
 [(774, 665), (788, 760)],
 [(395, 363), (416, 396)],
 [(588, 764), (635, 794)],
 [(457, 0), (534, 98)],
 [(354, 190), (429, 282)],
 [(676, 525), (720, 590)],
 [(584, 727), (648, 764)],
 [(137, 642), (154, 681)],
 [(648, 727), (694, 760)],
 [(779, 431), (820, 458)],
 [(801, 588), (817, 639)],
 [(720, 412), (753, 481)],
 [(244, 787), (333, 801)],
 [(230, 574), (294, 640)],
 [(0, 190), (96, 263)],
 [(267, 258), (281, 278)],
 [(550, 77), (609, 159)],
 [(206, 416), (296, 477)],
 [(96, 190), (180, 273)],
 [(232, 522), (331, 574)],
 [(149, 783), (244, 798)],
 [(443, 788), (541, 798)],
 [(340, 724), (402, 766)],
 [(245, 347), (336, 416)],
 [(60, 750), (85, 765)],
 [(802, 458), (820, 510)],
 [(148, 454), (205, 477)],
 [(653, 98), (674, 143)],
 [(720, 523), (769, 562)],
 [(606, 592), (686, 640)],
 [(717, 481), (765, 523)],
 [(379, 669), (438, 724)],
 [(147, 798), (203, 813)],
 [(700, 0), (733, 78)],
 [(157, 279), (245, 354)],
 [(547, 640), (616, 694)],
 [(772, 201), (788, 290)],
 [(281, 93), (376, 176)],
 [(798, 38), (820, 96)],
 [(703, 669), (730, 763)],
 [(743, 0), (765, 96)],
 [(438, 669), (468, 708)],
 [(772, 290), (792, 361)],
 [(755, 151), (787, 201)],
 [(364, 0), (376, 84)],
 [(217, 706), (283, 748)],
 [(380, 539), (433, 623)],
 [(433, 539), (458, 553)],
 [(521, 725), (584, 763)],
 [(381, 625), (471, 669)],
 [(675, 98), (712, 190)],
 [(267, 185), (278, 258)],
 [(206, 354), (243, 416)],
 [(137, 690), (217, 727)],
 [(471, 423), (561, 484)],
 [(769, 551), (796, 603)],
 [(566, 324), (613, 423)],
 [(613, 321), (674, 383)],
 [(429, 249), (521, 324)],
 [(623, 691), (703, 727)],
 [(721, 781), (790, 798)],
 [(796, 551), (826, 588)],
 [(294, 623), (381, 669)],
 [(294, 574), (330, 623)],
 [(331, 522), (380, 615)],
 [(457, 176), (556, 249)],
 [(232, 477), (295, 519)],
 [(91, 642), (137, 717)],
 [(281, 176), (354, 273)],
 [(790, 781), (828, 806)],
 [(279, 0), (364, 93)],
 [(744, 224), (772, 299)],
 [(556, 159), (608, 245)],
 [(96, 0), (192, 100)],
 [(616, 640), (687, 691)],
 [(608, 207), (647, 241)],
 [(765, 0), (790, 62)],
 [(792, 289), (818, 337)],
 [(60, 765), (149, 786)],
 [(148, 477), (232, 539)],
 [(433, 554), (495, 625)],
 [(71, 353), (148, 432)],
 [(748, 657), (774, 720)],
 [(0, 100), (98, 190)],
 [(790, 0), (824, 38)],
 [(98, 100), (193, 189)],
 [(717, 159), (755, 224)],
 [(535, 484), (592, 569)],
 [(49, 802), (123, 812)],
 [(0, 750), (60, 787)],
 [(193, 185), (267, 279)],
 [(296, 416), (335, 455)],
 [(0, 688), (88, 722)],
 [(71, 273), (157, 353)],
 [(561, 423), (634, 480)],
 [(388, 779), (443, 803)],
 [(161, 592), (181, 635)],
 [(800, 741), (829, 767)],
 [(60, 786), (147, 802)],
 [(601, 0), (665, 61)],
 [(461, 484), (535, 554)],
 [(743, 96), (780, 151)],
 [(530, 694), (623, 725)],
 [(457, 98), (550, 176)],
 [(609, 61), (653, 149)],
 [(95, 727), (163, 765)],
 [(541, 794), (605, 808)],
 [(296, 458), (380, 522)],
 [(663, 464), (717, 525)],
 [(376, 96), (457, 190)],
 [(592, 245), (647, 321)],
 [(402, 742), (466, 779)],
 [(665, 0), (700, 98)],
 [(687, 590), (722, 669)],
 [(283, 706), (340, 753)]]